Source_Distance(m), Centroid_Error(m), Confidence_Radius(m)
1.414214, 0.007994, 0.253887
2.828427, 0.002545, 0.204917
4.242641, 0.001414, 0.175241
5.656854, 0.001136, 0.161916
7.071068, 0.001058, 0.164968
8.485281, 0.001067, 0.186796
9.899495, 0.001158, 0.209651
11.313708, 0.001321, 0.235373
12.727922, 0.001545, 0.264181
14.142136, 0.001818, 0.295810
15.556349, 0.002129, 0.329640
16.970563, 0.002469, 0.365154
18.384776, 0.002832, 0.401943
19.798990, 0.003214, 0.439699
21.213203, 0.003611, 0.478193
22.627417, 0.004019, 0.517259
24.041631, 0.004437, 0.556771
25.455844, 0.004863, 0.596637
26.870058, 0.005296, 0.636787
28.284271, 0.005735, 0.677166
29.698485, 0.006178, 0.717734
31.112698, 0.006626, 0.758457
32.526912, 0.007077, 0.799311
33.941125, 0.007531, 0.840273
35.355339, 0.007988, 0.881328
36.769553, 0.008448, 0.922463
38.183766, 0.008910, 0.963665
39.597980, 0.009373, 1.004926
41.012193, 0.009838, 1.046239
42.426407, 0.010305, 1.087596
43.840620, 0.010773, 1.128993
45.254834, 0.011243, 1.170424
46.669048, 0.011713, 1.211887
48.083261, 0.012185, 1.253377
49.497475, 0.012657, 1.294891
50.911688, 0.013130, 1.336428
52.325902, 0.013604, 1.377984
53.740115, 0.014079, 1.419559
55.154329, 0.014555, 1.461150
56.568542, 0.015031, 1.502755
57.982756, 0.015507, 1.544374
59.396970, 0.015984, 1.586006
60.811183, 0.016462, 1.627648
62.225397, 0.016940, 1.669301
63.639610, 0.017419, 1.710964
65.053824, 0.017897, 1.752635
66.468037, 0.018377, 1.794315
67.882251, 0.018856, 1.836001
69.296465, 0.019336, 1.877695
70.710678, 0.019816, 1.919396
72.124892, 0.020297, 1.961102
73.539105, 0.020777, 2.002814
74.953319, 0.021258, 2.044531
76.367532, 0.021740, 2.086253
77.781746, 0.022221, 2.127980
79.195959, 0.022703, 2.169711
80.610173, 0.023185, 2.211445
82.024387, 0.023667, 2.253184
83.438600, 0.024149, 2.294926
84.852814, 0.024631, 2.336672
86.267027, 0.025114, 2.378421
87.681241, 0.025596, 2.420173
89.095454, 0.026079, 2.461927
90.509668, 0.026562, 2.503684
91.923882, 0.027045, 2.545444
93.338095, 0.027528, 2.587206
94.752309, 0.028012, 2.628970
96.166522, 0.028495, 2.670737
97.580736, 0.028979, 2.712506
98.994949, 0.029463, 2.754276
100.409163, 0.029946, 2.796048
101.823376, 0.030430, 2.837823
103.237590, 0.030914, 2.879598
104.651804, 0.031398, 2.921375
106.066017, 0.031882, 2.963154
107.480231, 0.032367, 3.004935
108.894444, 0.032851, 3.046716
110.308658, 0.033335, 3.088499
111.722871, 0.033820, 3.130284
113.137085, 0.034304, 3.172069
114.551299, 0.034789, 3.213856
115.965512, 0.035274, 3.255644
117.379726, 0.035758, 3.297433
118.793939, 0.036243, 3.339223
120.208153, 0.036728, 3.381014
121.622366, 0.037213, 3.422806
123.036580, 0.037698, 3.464598
124.450793, 0.038183, 3.506392
125.865007, 0.038668, 3.548186
127.279221, 0.039153, 3.589982
128.693434, 0.039638, 3.631778
130.107648, 0.040123, 3.673575
131.521861, 0.040609, 3.715373
132.936075, 0.041094, 3.757170
134.350288, 0.041579, 3.798970
135.764502, 0.042065, 3.840769
137.178716, 0.042550, 3.882570
138.592929, 0.043035, 3.924371
140.007143, 0.043521, 3.966172
141.421356, 0.044006, 4.007974
142.835570, 0.044492, 4.049777
144.249783, 0.044977, 4.091580
145.663997, 0.045463, 4.133384
147.078210, 0.045949, 4.175187
148.492424, 0.046434, 4.216992
149.906638, 0.046920, 4.258797
151.320851, 0.047406, 4.300602
152.735065, 0.047891, 4.342408
154.149278, 0.048377, 4.384215
155.563492, 0.048863, 4.426022
156.977705, 0.049349, 4.467829
158.391919, 0.049835, 4.509637
159.806133, 0.050321, 4.551445
161.220346, 0.050807, 4.593253
162.634560, 0.051293, 4.635062
164.048773, 0.051778, 4.676872
165.462987, 0.052264, 4.718680
166.877200, 0.052750, 4.760490
168.291414, 0.053236, 4.802300
169.705627, 0.053723, 4.844111
171.119841, 0.054209, 4.885921
172.534055, 0.054695, 4.927731
173.948268, 0.055180, 4.969545
175.362482, 0.055667, 5.011355
176.776695, 0.056153, 5.053166
178.190909, 0.056639, 5.094979
179.605122, 0.057125, 5.136792
181.019336, 0.057611, 5.178605
182.433550, 0.058098, 5.220417
183.847763, 0.058584, 5.262230
185.261977, 0.059070, 5.304043
186.676190, 0.059556, 5.345857
188.090404, 0.060042, 5.387671
189.504617, 0.060529, 5.429483
190.918831, 0.061015, 5.471298
192.333044, 0.061501, 5.513113
193.747258, 0.061988, 5.554926
195.161472, 0.062474, 5.596742
196.575685, 0.062960, 5.638557
197.989899, 0.063446, 5.680372
199.404112, 0.063933, 5.722188
200.818326, 0.064419, 5.764003
202.232539, 0.064905, 5.805819
203.646753, 0.065392, 5.847636
205.060967, 0.065878, 5.889452
206.475180, 0.066365, 5.931268
207.889394, 0.066851, 5.973082
209.303607, 0.067337, 6.014900
210.717821, 0.067824, 6.056717
212.132034, 0.068310, 6.098534
213.546248, 0.068797, 6.140351
214.960461, 0.069283, 6.182167
216.374675, 0.069770, 6.223985
217.788889, 0.070257, 6.265801
219.203102, 0.070743, 6.307619
220.617316, 0.071229, 6.349437
222.031529, 0.071716, 6.391254
223.445743, 0.072203, 6.433073
224.859956, 0.072689, 6.474890
226.274170, 0.073176, 6.516708
227.688384, 0.073662, 6.558527
229.102597, 0.074149, 6.600345
230.516811, 0.074635, 6.642164
231.931024, 0.075122, 6.683980
233.345238, 0.075609, 6.725800
234.759451, 0.076095, 6.767619
236.173665, 0.076582, 6.809438
237.587878, 0.077068, 6.851257
239.002092, 0.077555, 6.893077
240.416306, 0.078041, 6.934898
241.830519, 0.078528, 6.976716
243.244733, 0.079015, 7.018534
244.658946, 0.079501, 7.060355
246.073160, 0.079988, 7.102173
247.487373, 0.080475, 7.143993
248.901587, 0.080962, 7.185813
250.315801, 0.081448, 7.227633
251.730014, 0.081935, 7.269452
253.144228, 0.082421, 7.311272
254.558441, 0.082908, 7.353092
255.972655, 0.083395, 7.394914
257.386868, 0.083881, 7.436734
258.801082, 0.084368, 7.478554
260.215295, 0.084855, 7.520375
261.629509, 0.085342, 7.562191
263.043723, 0.085827, 7.604017
264.457936, 0.086315, 7.645837
265.872150, 0.086802, 7.687653
267.286363, 0.087289, 7.729476
268.700577, 0.087775, 7.771299
270.114790, 0.088262, 7.813118
271.529004, 0.088750, 7.854941
272.943218, 0.089236, 7.896759
274.357431, 0.089722, 7.938582
275.771645, 0.090209, 7.980405
277.185858, 0.090695, 8.022222
278.600072, 0.091183, 8.064044
280.014285, 0.091670, 8.105868
281.428499, 0.092156, 8.147689
282.842712, 0.092642, 8.189510
284.256926, 0.093129, 8.231331
285.671140, 0.093616, 8.273154
287.085353, 0.094104, 8.314976
288.499567, 0.094591, 8.356795
289.913780, 0.095077, 8.398618
291.327994, 0.095563, 8.440438
292.742207, 0.096051, 8.482260
294.156421, 0.096537, 8.524086
295.570635, 0.097024, 8.565906
296.984848, 0.097511, 8.607725
298.399062, 0.097997, 8.649551
299.813275, 0.098485, 8.691371
301.227489, 0.098972, 8.733193
302.641702, 0.099458, 8.775015
304.055916, 0.099945, 8.816840
305.470129, 0.100432, 8.858663
306.884343, 0.100919, 8.900483
308.298557, 0.101406, 8.942305
309.712770, 0.101891, 8.984130
311.126984, 0.102378, 9.025950
312.541197, 0.102866, 9.067771
313.955411, 0.103354, 9.109597
315.369624, 0.103840, 9.151419
316.783838, 0.104326, 9.193241
318.198052, 0.104814, 9.235065
319.612265, 0.105301, 9.276889
321.026479, 0.105787, 9.318708
322.440692, 0.106275, 9.360532
323.854906, 0.106761, 9.402356
325.269119, 0.107248, 9.444178
326.683333, 0.107735, 9.486001
328.097546, 0.108222, 9.527827
329.511760, 0.108708, 9.569647
330.925974, 0.109196, 9.611469
332.340187, 0.109682, 9.653292
333.754401, 0.110170, 9.695110
335.168614, 0.110655, 9.736940
336.582828, 0.111143, 9.778763
337.997041, 0.111630, 9.820582
339.411255, 0.112117, 9.862405
340.825469, 0.112605, 9.904235
342.239682, 0.113091, 9.946053
343.653896, 0.113578, 9.987876
345.068109, 0.114063, 10.029703
346.482323, 0.114551, 10.071526
347.896536, 0.115038, 10.113350
349.310750, 0.115525, 10.155171
350.724963, 0.116013, 10.196997
352.139177, 0.116499, 10.238820
353.553391, 0.116987, 10.280642
354.967604, 0.117473, 10.322469
356.381818, 0.117960, 10.364292
357.796031, 0.118448, 10.406113
359.210245, 0.118935, 10.447935
360.624458, 0.119420, 10.489762
362.038672, 0.119908, 10.531584
363.452886, 0.120394, 10.573410
364.867099, 0.120882, 10.615231
366.281313, 0.121369, 10.657056
367.695526, 0.121856, 10.698875
369.109740, 0.122344, 10.740701
370.523953, 0.122829, 10.782525
371.938167, 0.123316, 10.824351
373.352380, 0.123803, 10.866178
374.766594, 0.124292, 10.907997
376.180808, 0.124779, 10.949820
377.595021, 0.125265, 10.991647
379.009235, 0.125752, 11.033475
380.423448, 0.126239, 11.075290
381.837662, 0.126728, 11.117123
383.251875, 0.127211, 11.158945
384.666089, 0.127700, 11.200763
386.080303, 0.128186, 11.242592
387.494516, 0.128674, 11.284418
388.908730, 0.129162, 11.326239
390.322943, 0.129647, 11.368067
391.737157, 0.130133, 11.409889
393.151370, 0.130621, 11.451711
394.565584, 0.131107, 11.493539
395.979797, 0.131595, 11.535361
397.394011, 0.132084, 11.577189
398.808225, 0.132568, 11.619009
400.222438, 0.133057, 11.660834
401.636652, 0.133543, 11.702658
403.050865, 0.134030, 11.744486
404.465079, 0.134517, 11.786305
405.879292, 0.135005, 11.828128
407.293506, 0.135491, 11.869954
408.707720, 0.135979, 11.911779
410.121933, 0.136466, 11.953604
411.536147, 0.136953, 11.995427
412.950360, 0.137438, 12.037252
414.364574, 0.137927, 12.079079
415.778787, 0.138413, 12.120903
417.193001, 0.138899, 12.162727
418.607214, 0.139388, 12.204552
420.021428, 0.139873, 12.246374
421.435642, 0.140361, 12.288200
422.849855, 0.140847, 12.330025
424.264069, 0.141334, 12.371850
425.678282, 0.141823, 12.413676
427.092496, 0.142309, 12.455504
428.506709, 0.142796, 12.497325
429.920923, 0.143283, 12.539145
431.335137, 0.143769, 12.580975
432.749350, 0.144259, 12.622799
434.163564, 0.144743, 12.664623
435.577777, 0.145232, 12.706442
436.991991, 0.145719, 12.748273
438.406204, 0.146204, 12.790092
439.820418, 0.146694, 12.831922
441.234631, 0.147181, 12.873749
442.648845, 0.147667, 12.915573
444.063059, 0.148154, 12.957399
445.477272, 0.148640, 12.999220
446.891486, 0.149126, 13.041045
448.305699, 0.149615, 13.082872
449.719913, 0.150103, 13.124695
451.134126, 0.150587, 13.166522
452.548340, 0.151076, 13.208340
453.962554, 0.151563, 13.250174
455.376767, 0.152050, 13.291993
456.790981, 0.152538, 13.333818
458.205194, 0.153024, 13.375643
459.619408, 0.153512, 13.417466
461.033621, 0.153998, 13.459296
462.447835, 0.154486, 13.501117
463.862048, 0.154972, 13.542946
465.276262, 0.155459, 13.584771
466.690476, 0.155945, 13.626596
468.104689, 0.156433, 13.668419
469.518903, 0.156919, 13.710245
470.933116, 0.157407, 13.752074
472.347330, 0.157893, 13.793895
473.761543, 0.158380, 13.835720
475.175757, 0.158869, 13.877548
476.589971, 0.159357, 13.919371
478.004184, 0.159842, 13.961196
479.418398, 0.160331, 14.003027
480.832611, 0.160816, 14.044844
482.246825, 0.161304, 14.086680
483.661038, 0.161792, 14.128498
485.075252, 0.162278, 14.170319
486.489465, 0.162768, 14.212147
487.903679, 0.163252, 14.253975
489.317893, 0.163740, 14.295795
490.732106, 0.164225, 14.337622
492.146320, 0.164714, 14.379443
493.560533, 0.165199, 14.421280
494.974747, 0.165689, 14.463098
496.388960, 0.166174, 14.504923
497.803174, 0.166662, 14.546750
499.217388, 0.167149, 14.588569
500.631601, 0.167635, 14.630400
502.045815, 0.168123, 14.672224
503.460028, 0.168608, 14.714054
504.874242, 0.169096, 14.755876
506.288455, 0.169583, 14.797708
507.702669, 0.170070, 14.839533
509.116882, 0.170559, 14.881349
510.531096, 0.171045, 14.923174
511.945310, 0.171531, 14.965001
513.359523, 0.172018, 15.006833
514.773737, 0.172505, 15.048653
516.187950, 0.172992, 15.090474
517.602164, 0.173480, 15.132301
519.016377, 0.173967, 15.174139
520.430591, 0.174452, 15.215955
521.844805, 0.174943, 15.257782
523.259018, 0.175426, 15.299609
524.673232, 0.175918, 15.341428
526.087445, 0.176402, 15.383258
527.501659, 0.176892, 15.425074
528.915872, 0.177375, 15.466913
530.330086, 0.177863, 15.508728
531.744299, 0.178352, 15.550555
533.158513, 0.178839, 15.592390
534.572727, 0.179327, 15.634205
535.986940, 0.179813, 15.676047
537.401154, 0.180297, 15.717862
538.815367, 0.180789, 15.759687
540.229581, 0.181274, 15.801503
541.643794, 0.181761, 15.843331
543.058008, 0.182249, 15.885165
544.472222, 0.182734, 15.926982
545.886435, 0.183221, 15.968813
547.300649, 0.183711, 16.010645
548.714862, 0.184198, 16.052461
550.129076, 0.184685, 16.094285
551.543289, 0.185173, 16.136106
552.957503, 0.185655, 16.177946
554.371716, 0.186144, 16.219770
555.785930, 0.186634, 16.261595
557.200144, 0.187122, 16.303419
558.614357, 0.187607, 16.345242
560.028571, 0.188093, 16.387075
561.442784, 0.188578, 16.428897
562.856998, 0.189066, 16.470732
564.271211, 0.189558, 16.512548
565.685425, 0.190038, 16.554359
567.099639, 0.190530, 16.596200
568.513852, 0.191017, 16.638027
569.928066, 0.191504, 16.679856
571.342279, 0.191991, 16.721672
572.756493, 0.192475, 16.763504
574.170706, 0.192962, 16.805331
575.584920, 0.193450, 16.847149
576.999133, 0.193937, 16.888974
578.413347, 0.194427, 16.930808
579.827561, 0.194914, 16.972621
581.241774, 0.195400, 17.014446
582.655988, 0.195887, 17.056284
584.070201, 0.196370, 17.098112
585.484415, 0.196862, 17.139941
586.898628, 0.197348, 17.181767
588.312842, 0.197835, 17.223588
589.727056, 0.198322, 17.265410
591.141269, 0.198806, 17.307236
592.555483, 0.199297, 17.349057
593.969696, 0.199784, 17.390903
595.383910, 0.200271, 17.432731
596.798123, 0.200760, 17.474540
598.212337, 0.201240, 17.516375
599.626550, 0.201733, 17.558199
601.040764, 0.202218, 17.600022
602.454978, 0.202706, 17.641844
603.869191, 0.203193, 17.683661
605.283405, 0.203680, 17.725491
606.697618, 0.204169, 17.767324
608.111832, 0.204657, 17.809146
609.526045, 0.205142, 17.850971
610.940259, 0.205631, 17.892797
612.354473, 0.206118, 17.934617
613.768686, 0.206602, 17.976457
615.182900, 0.207088, 18.018272
616.597113, 0.207572, 18.060110
618.011327, 0.208063, 18.101931
619.425540, 0.208551, 18.143756
620.839754, 0.209037, 18.185577
622.253967, 0.209524, 18.227408
623.668181, 0.210014, 18.269230
625.082395, 0.210498, 18.311052
626.496608, 0.210987, 18.352884
627.910822, 0.211479, 18.394708
629.325035, 0.211959, 18.436536
630.739249, 0.212447, 18.478357
632.153462, 0.212937, 18.520195
633.567676, 0.213420, 18.562025
634.981890, 0.213910, 18.603829
636.396103, 0.214400, 18.645666
637.810317, 0.214884, 18.687491
639.224530, 0.215376, 18.729317
640.638744, 0.215857, 18.771142
642.052957, 0.216345, 18.812972
643.467171, 0.216835, 18.854787
644.881384, 0.217323, 18.896612
646.295598, 0.217807, 18.938447
647.709812, 0.218294, 18.980281
649.124025, 0.218780, 19.022093
650.538239, 0.219265, 19.063927
651.952452, 0.219757, 19.105750
653.366666, 0.220242, 19.147572
654.780879, 0.220729, 19.189402
656.195093, 0.221216, 19.231226
657.609307, 0.221702, 19.273056
659.023520, 0.222193, 19.314888
660.437734, 0.222678, 19.356706
661.851947, 0.223162, 19.398531
663.266161, 0.223648, 19.440370
664.680374, 0.224142, 19.482189
666.094588, 0.224624, 19.524017
667.508801, 0.225109, 19.565844
668.923015, 0.225601, 19.607665
670.337229, 0.226086, 19.649489
671.751442, 0.226569, 19.691320
673.165656, 0.227066, 19.733139
674.579869, 0.227553, 19.774965
675.994083, 0.228038, 19.816787
677.408296, 0.228521, 19.858618
678.822510, 0.229013, 19.900442
680.236724, 0.229496, 19.942272
681.650937, 0.229981, 19.984100
683.065151, 0.230471, 20.025927
684.479364, 0.230959, 20.067742
685.893578, 0.231445, 20.109573
687.307791, 0.231935, 20.151406
688.722005, 0.232422, 20.193223
690.136218, 0.232908, 20.235054
691.550432, 0.233394, 20.276893
692.964646, 0.233882, 20.318713
694.378859, 0.234369, 20.360533
695.793073, 0.234853, 20.402376
697.207286, 0.235344, 20.444180
698.621500, 0.235833, 20.486021
700.035713, 0.236318, 20.527836
701.449927, 0.236803, 20.569665
702.864140, 0.237292, 20.611489
704.278354, 0.237778, 20.653317
705.692568, 0.238266, 20.695144
707.106781, 0.238751, 20.736973
708.520995, 0.239240, 20.778794
709.935208, 0.239728, 20.820619
711.349422, 0.240212, 20.862447
712.763635, 0.240701, 20.904268
714.177849, 0.241193, 20.946095
715.592063, 0.241675, 20.987918
717.006276, 0.242166, 21.029753
718.420490, 0.242650, 21.071565
719.834703, 0.243139, 21.113394
721.248917, 0.243628, 21.155222
722.663130, 0.244113, 21.197056
724.077344, 0.244601, 21.238877
725.491557, 0.245086, 21.280717
726.905771, 0.245577, 21.322534
728.319985, 0.246055, 21.364360
729.734198, 0.246545, 21.406192
731.148412, 0.247034, 21.448026
732.562625, 0.247522, 21.489853
733.976839, 0.248012, 21.531669
735.391052, 0.248497, 21.573484
736.805266, 0.248987, 21.615315
738.219480, 0.249468, 21.657168
739.633693, 0.249959, 21.698957
741.047907, 0.250446, 21.740790
742.462120, 0.250926, 21.782637
743.876334, 0.251417, 21.824449
745.290547, 0.251910, 21.866268
746.704761, 0.252389, 21.908087
748.118974, 0.252879, 21.949924
749.533188, 0.253368, 21.991747
750.947402, 0.253857, 22.033584
752.361615, 0.254346, 22.075389
753.775829, 0.254824, 22.117244
755.190042, 0.255313, 22.159065
756.604256, 0.255803, 22.200902
758.018469, 0.256297, 22.242707
759.432683, 0.256777, 22.284538
760.846897, 0.257265, 22.326361
762.261110, 0.257745, 22.368193
763.675324, 0.258240, 22.410021
765.089537, 0.258723, 22.451835
766.503751, 0.259214, 22.493658
767.917964, 0.259698, 22.535498
769.332178, 0.260188, 22.577335
770.746391, 0.260677, 22.619143
772.160605, 0.261166, 22.660970
773.574819, 0.261649, 22.702806
774.989032, 0.262133, 22.744629
776.403246, 0.262625, 22.786443
777.817459, 0.263109, 22.828284
779.231673, 0.263601, 22.870095
780.645886, 0.264087, 22.911925
782.060100, 0.264570, 22.953766
783.474314, 0.265059, 22.995586
784.888527, 0.265544, 23.037421
786.302741, 0.266036, 23.079232
787.716954, 0.266520, 23.121064
789.131168, 0.267013, 23.162874
790.545381, 0.267492, 23.204719
791.959595, 0.267981, 23.246543
793.373808, 0.268472, 23.288369
794.788022, 0.268954, 23.330194
796.202236, 0.269447, 23.372013
797.616449, 0.269929, 23.413868
799.030663, 0.270420, 23.455673
800.444876, 0.270905, 23.497509
801.859090, 0.271394, 23.539335
803.273303, 0.271879, 23.581164
804.687517, 0.272371, 23.622972
806.101731, 0.272854, 23.664801
807.515944, 0.273338, 23.706623
808.930158, 0.273827, 23.748448
810.344371, 0.274312, 23.790289
811.758585, 0.274798, 23.832135
813.172798, 0.275279, 23.873938
814.587012, 0.275775, 23.915763
816.001225, 0.276262, 23.957595
817.415439, 0.276750, 23.999433
818.829653, 0.277237, 24.041236
820.243866, 0.277724, 24.083075
821.658080, 0.278217, 24.124897
823.072293, 0.278696, 24.166731
824.486507, 0.279191, 24.208546
825.900720, 0.279669, 24.250368
827.314934, 0.280158, 24.292214
828.729148, 0.280641, 24.334032
830.143361, 0.281132, 24.375851
831.557575, 0.281621, 24.417679
832.971788, 0.282122, 24.459505
834.386002, 0.282593, 24.501338
835.800215, 0.283081, 24.543154
837.214429, 0.283569, 24.584969
838.628642, 0.284055, 24.626819
840.042856, 0.284552, 24.668649
841.457070, 0.285027, 24.710466
842.871283, 0.285519, 24.752293
844.285497, 0.286000, 24.794120
845.699710, 0.286490, 24.835929
847.113924, 0.286982, 24.877787
848.528137, 0.287464, 24.919612
849.942351, 0.287946, 24.961405
851.356565, 0.288443, 25.003257
852.770778, 0.288924, 25.045078
854.184992, 0.289412, 25.086903
855.599205, 0.289904, 25.128719
857.013419, 0.290390, 25.170555
858.427632, 0.290882, 25.212382
859.841846, 0.291363, 25.254222
861.256059, 0.291841, 25.296056
862.670273, 0.292346, 25.337866
864.084487, 0.292830, 25.379683
865.498700, 0.293310, 25.421516
866.912914, 0.293802, 25.463326
868.327127, 0.294294, 25.505167
869.741341, 0.294771, 25.546994
871.155554, 0.295261, 25.588821
872.569768, 0.295744, 25.630641
873.983982, 0.296235, 25.672467
875.398195, 0.296725, 25.714292
876.812409, 0.297216, 25.756137
878.226622, 0.297696, 25.797940
879.640836, 0.298186, 25.839784
881.055049, 0.298677, 25.881610
882.469263, 0.299161, 25.923425
883.883476, 0.299651, 25.965263
885.297690, 0.300134, 26.007087
886.711904, 0.300624, 26.048918
888.126117, 0.301106, 26.090740
889.540331, 0.301587, 26.132566
890.954544, 0.302077, 26.174402
892.368758, 0.302567, 26.216207
893.782971, 0.303056, 26.258053
895.197185, 0.303545, 26.299876
896.611399, 0.304031, 26.341689
898.025612, 0.304520, 26.383524
899.439826, 0.305003, 26.425345
900.854039, 0.305490, 26.467175
902.268253, 0.305987, 26.509007
903.682466, 0.306464, 26.550828
905.096680, 0.306951, 26.592669
906.510893, 0.307441, 26.634488
907.925107, 0.307925, 26.676319
909.339321, 0.308414, 26.718155
910.753534, 0.308900, 26.759962
912.167748, 0.309389, 26.801776
913.581961, 0.309884, 26.843621
914.996175, 0.310366, 26.885426
916.410388, 0.310849, 26.927261
917.824602, 0.311338, 26.969098
919.238816, 0.311820, 27.010909
920.653029, 0.312304, 27.052740
922.067243, 0.312806, 27.094552
923.481456, 0.313285, 27.136389
924.895670, 0.313776, 27.178219
926.309883, 0.314259, 27.220060
927.724097, 0.314750, 27.261879
929.138310, 0.315236, 27.303701
930.552524, 0.315728, 27.345509
931.966738, 0.316214, 27.387354
933.380951, 0.316694, 27.429178
934.795165, 0.317191, 27.471017
936.209378, 0.317668, 27.512846
937.623592, 0.318163, 27.554668
939.037805, 0.318643, 27.596501
940.452019, 0.319132, 27.638309
941.866233, 0.319622, 27.680138
943.280446, 0.320111, 27.721965
944.694660, 0.320593, 27.763807
946.108873, 0.321082, 27.805604
947.523087, 0.321571, 27.847444
948.937300, 0.322053, 27.889283
950.351514, 0.322545, 27.931107
951.765727, 0.323029, 27.972934
953.179941, 0.323515, 28.014767
954.594155, 0.324000, 28.056591
956.008368, 0.324497, 28.098385
957.422582, 0.324981, 28.140234
958.836795, 0.325465, 28.182046
960.251009, 0.325953, 28.223887
961.665222, 0.326439, 28.265709
963.079436, 0.326928, 28.307545
964.493650, 0.327410, 28.349361
965.907863, 0.327894, 28.391205
967.322077, 0.328386, 28.433009
968.736290, 0.328874, 28.474846
970.150504, 0.329366, 28.516690
971.564717, 0.329846, 28.558497
972.978931, 0.330338, 28.600321
974.393144, 0.330827, 28.642136
975.807358, 0.331307, 28.683973
977.221572, 0.331797, 28.725796
978.635785, 0.332292, 28.767645
980.049999, 0.332767, 28.809464
981.464212, 0.333256, 28.851289
982.878426, 0.333756, 28.893109
984.292639, 0.334232, 28.934950
985.706853, 0.334718, 28.976770
987.121067, 0.335205, 29.018599
988.535280, 0.335703, 29.060397
989.949494, 0.336188, 29.102250
991.363707, 0.336676, 29.144073
992.777921, 0.337157, 29.185899
994.192134, 0.337650, 29.227718
995.606348, 0.338126, 29.269558
997.020561, 0.338619, 29.311390
998.434775, 0.339101, 29.353211
999.848989, 0.339595, 29.395039
1001.263202, 0.340071, 29.436869
1002.677416, 0.340575, 29.478673
1004.091629, 0.341053, 29.520501
1005.505843, 0.341538, 29.562347
1006.920056, 0.342023, 29.604155
1008.334270, 0.342523, 29.645997
1009.748484, 0.343012, 29.687819
1011.162697, 0.343489, 29.729638
1012.576911, 0.343977, 29.771477
1013.991124, 0.344464, 29.813294
1015.405338, 0.344950, 29.855133
1016.819551, 0.345445, 29.896958
1018.233765, 0.345930, 29.938783
1019.647978, 0.346415, 29.980611
1021.062192, 0.346906, 30.022432
1022.476406, 0.347394, 30.064252
1023.890619, 0.347876, 30.106073
1025.304833, 0.348361, 30.147887
1026.719046, 0.348856, 30.189745
1028.133260, 0.349330, 30.231562
1029.547473, 0.349832, 30.273402
1030.961687, 0.350313, 30.315193
1032.375901, 0.350797, 30.357000
1033.790114, 0.351298, 30.398882
1035.204328, 0.351776, 30.440727
1036.618541, 0.352260, 30.482543
1038.032755, 0.352751, 30.524352
1039.446968, 0.353235, 30.566170
1040.861182, 0.353723, 30.608013
1042.275395, 0.354209, 30.649860
1043.689609, 0.354682, 30.691639
1045.103823, 0.355186, 30.733495
1046.518036, 0.355672, 30.775258
1047.932250, 0.356164, 30.817129
1049.346463, 0.356635, 30.858962
1050.760677, 0.357136, 30.900818
1052.174890, 0.357631, 30.942577
1053.589104, 0.358108, 30.984440
1055.003318, 0.358598, 31.026270
1056.417531, 0.359083, 31.068106
1057.831745, 0.359566, 31.109894
1059.245958, 0.360060, 31.151767
1060.660172, 0.360537, 31.193584
1062.074385, 0.361046, 31.235386
1063.488599, 0.361518, 31.277192
1064.902812, 0.362004, 31.319052
1066.317026, 0.362499, 31.360844
1067.731240, 0.362985, 31.402722
1069.145453, 0.363465, 31.444542
1070.559667, 0.363959, 31.486360
1071.973880, 0.364432, 31.528163
1073.388094, 0.364918, 31.570019
1074.802307, 0.365418, 31.611831
1076.216521, 0.365907, 31.653682
1077.630735, 0.366397, 31.695509
1079.044948, 0.366874, 31.737355
1080.459162, 0.367365, 31.779130
1081.873375, 0.367854, 31.821003
1083.287589, 0.368339, 31.862787
1084.701802, 0.368834, 31.904607
1086.116016, 0.369313, 31.946469
1087.530229, 0.369804, 31.988266
1088.944443, 0.370285, 32.030108
1090.358657, 0.370778, 32.071922
1091.772870, 0.371266, 32.113727
1093.187084, 0.371747, 32.155549
1094.601297, 0.372232, 32.197397
1096.015511, 0.372740, 32.239221
1097.429724, 0.373203, 32.281078
1098.843938, 0.373695, 32.322904
1100.258152, 0.374183, 32.364729
1101.672365, 0.374668, 32.406533
1103.086579, 0.375161, 32.448382
1104.500792, 0.375643, 32.490167
1105.915006, 0.376131, 32.531991
1107.329219, 0.376620, 32.573836
1108.743433, 0.377105, 32.615673
1110.157646, 0.377580, 32.657511
1111.571860, 0.378096, 32.699372
1112.986074, 0.378553, 32.741167
1114.400287, 0.379052, 32.783003
1115.814501, 0.379549, 32.824817
1117.228714, 0.380030, 32.866650
1118.642928, 0.380519, 32.908457
1120.057141, 0.381003, 32.950282
1121.471355, 0.381483, 32.992142
1122.885569, 0.381963, 33.033971
1124.299782, 0.382460, 33.075761
1125.713996, 0.382951, 33.117582
1127.128209, 0.383442, 33.159443
1128.542423, 0.383928, 33.201230
1129.956636, 0.384401, 33.243073
1131.370850, 0.384901, 33.284908
1132.785063, 0.385382, 33.326761
1134.199277, 0.385868, 33.368544
1135.613491, 0.386369, 33.410398
1137.027704, 0.386847, 33.452207
1138.441918, 0.387341, 33.494025
1139.856131, 0.387821, 33.535861
1141.270345, 0.388318, 33.577692
1142.684558, 0.388797, 33.619525
1144.098772, 0.389296, 33.661339
1145.512986, 0.389770, 33.703158
1146.927199, 0.390245, 33.745018
1148.341413, 0.390752, 33.786782
1149.755626, 0.391228, 33.828679
1151.169840, 0.391714, 33.870500
1152.584053, 0.392201, 33.912308
1153.998267, 0.392702, 33.954129
1155.412480, 0.393185, 33.995962
1156.826694, 0.393671, 34.037777
1158.240908, 0.394156, 34.079608
1159.655121, 0.394638, 34.121389
1161.069335, 0.395139, 34.163292
1162.483548, 0.395607, 34.205112
1163.897762, 0.396102, 34.246920
1165.311975, 0.396601, 34.288705
1166.726189, 0.397080, 34.330567
1168.140403, 0.397556, 34.372383
1169.554616, 0.398046, 34.414272
1170.968830, 0.398539, 34.456034
1172.383043, 0.399029, 34.497875
1173.797257, 0.399520, 34.539696
1175.211470, 0.400010, 34.581560
1176.625684, 0.400496, 34.623334
1178.039897, 0.400982, 34.665207
1179.454111, 0.401452, 34.707001
1180.868325, 0.401948, 34.748811
1182.282538, 0.402433, 34.790679
1183.696752, 0.402925, 34.832474
1185.110965, 0.403416, 34.874314
1186.525179, 0.403908, 34.916153
1187.939392, 0.404385, 34.957939
1189.353606, 0.404884, 34.999787
1190.767820, 0.405353, 35.041665
1192.182033, 0.405854, 35.083436
1193.596247, 0.406333, 35.125267
1195.010460, 0.406822, 35.167112
1196.424674, 0.407302, 35.208941
1197.838887, 0.407799, 35.250799
1199.253101, 0.408274, 35.292606
1200.667314, 0.408765, 35.334421
1202.081528, 0.409247, 35.376250
1203.495742, 0.409729, 35.418052
1204.909955, 0.410238, 35.459936
1206.324169, 0.410724, 35.501712
1207.738382, 0.411214, 35.543527
1209.152596, 0.411690, 35.585389
1210.566809, 0.412175, 35.627205
1211.981023, 0.412664, 35.669027
1213.395237, 0.413174, 35.710861
1214.809450, 0.413646, 35.752674
1216.223664, 0.414142, 35.794472
1217.637877, 0.414614, 35.836323
1219.052091, 0.415110, 35.878157
1220.466304, 0.415601, 35.919992
1221.880518, 0.416074, 35.961827
1223.294731, 0.416563, 36.003616
1224.708945, 0.417047, 36.045488
1226.123159, 0.417536, 36.087306
1227.537372, 0.418018, 36.129129
1228.951586, 0.418508, 36.170943
1230.365799, 0.419016, 36.212784
1231.780013, 0.419498, 36.254635
1233.194226, 0.419977, 36.296411
1234.608440, 0.420467, 36.338254
1236.022654, 0.420954, 36.380095
1237.436867, 0.421441, 36.421908
1238.851081, 0.421933, 36.463748
1240.265294, 0.422419, 36.505561
1241.679508, 0.422903, 36.547383
1243.093721, 0.423387, 36.589205
1244.507935, 0.423868, 36.631080
1245.922148, 0.424356, 36.672868
1247.336362, 0.424841, 36.714714
1248.750576, 0.425324, 36.756501
1250.164789, 0.425837, 36.798313
1251.579003, 0.426311, 36.840176
1252.993216, 0.426794, 36.882027
1254.407430, 0.427277, 36.923846
1255.821643, 0.427768, 36.965684
1257.235857, 0.428258, 37.007550
1258.650071, 0.428739, 37.049311
1260.064284, 0.429234, 37.091144
1261.478498, 0.429729, 37.132979
1262.892711, 0.430212, 37.174799
1264.306925, 0.430705, 37.216599
1265.721138, 0.431180, 37.258462
1267.135352, 0.431678, 37.300291
1268.549565, 0.432160, 37.342085
1269.963779, 0.432658, 37.383911
1271.377993, 0.433137, 37.425704
1272.792206, 0.433627, 37.467516
1274.206420, 0.434098, 37.509409
1275.620633, 0.434590, 37.551240
1277.034847, 0.435076, 37.593087
1278.449060, 0.435581, 37.634874
1279.863274, 0.436044, 37.676700
1281.277488, 0.436544, 37.718542
1282.691701, 0.437028, 37.760356
1284.105915, 0.437508, 37.802236
1285.520128, 0.437991, 37.844025
1286.934342, 0.438484, 37.885807
1288.348555, 0.438969, 37.927651
1289.762769, 0.439468, 37.969529
1291.176982, 0.439940, 38.011335
1292.591196, 0.440446, 38.053149
1294.005410, 0.440926, 38.094968
1295.419623, 0.441414, 38.136778
1296.833837, 0.441911, 38.178659
1298.248050, 0.442380, 38.220472
1299.662264, 0.442874, 38.262302
1301.076477, 0.443376, 38.304118
1302.490691, 0.443848, 38.345955
1303.904905, 0.444337, 38.387680
1305.319118, 0.444819, 38.429581
1306.733332, 0.445316, 38.471434
1308.147545, 0.445794, 38.513230
1309.561759, 0.446264, 38.555066
1310.975972, 0.446777, 38.596919
1312.390186, 0.447249, 38.638755
1313.804399, 0.447738, 38.680570
1315.218613, 0.448235, 38.722387
1316.632827, 0.448713, 38.764185
1318.047040, 0.449202, 38.806050
1319.461254, 0.449714, 38.847881
1320.875467, 0.450177, 38.889720
1322.289681, 0.450659, 38.931482
1323.703894, 0.451156, 38.973302
1325.118108, 0.451640, 39.015185
1326.532322, 0.452131, 39.057017
1327.946535, 0.452604, 39.098843
1329.360749, 0.453110, 39.140655
1330.774962, 0.453588, 39.182480
1332.189176, 0.454076, 39.224279
1333.603389, 0.454588, 39.266117
1335.017603, 0.455045, 39.307881
1336.431816, 0.455540, 39.349794
1337.846030, 0.456018, 39.391584
1339.260244, 0.456520, 39.433492
1340.674457, 0.457005, 39.475301
1342.088671, 0.457497, 39.517078
1343.502884, 0.457986, 39.558911
1344.917098, 0.458465, 39.600697
1346.331311, 0.458956, 39.642533
1347.745525, 0.459426, 39.684399
1349.159739, 0.459936, 39.726228
1350.573952, 0.460416, 39.768046
1351.988166, 0.460906, 39.809914
1353.402379, 0.461378, 39.851706
1354.816593, 0.461896, 39.893564
1356.230806, 0.462369, 39.935359
1357.645020, 0.462852, 39.977173
1359.059233, 0.463348, 40.018996
1360.473447, 0.463824, 40.060848
1361.887661, 0.464294, 40.102676
1363.301874, 0.464786, 40.144536
1364.716088, 0.465283, 40.186304
1366.130301, 0.465761, 40.228181
1367.544515, 0.466254, 40.269950
1368.958728, 0.466753, 40.311802
1370.372942, 0.467233, 40.353616
1371.787156, 0.467713, 40.395431
1373.201369, 0.468192, 40.437285
1374.615583, 0.468692, 40.479121
1376.029796, 0.469193, 40.520910
1377.444010, 0.469674, 40.562758
1378.858223, 0.470150, 40.604607
1380.272437, 0.470650, 40.646396
1381.686650, 0.471149, 40.688213
1383.100864, 0.471624, 40.730037
1384.515078, 0.472118, 40.771894
1385.929291, 0.472601, 40.813706
1387.343505, 0.473074, 40.855530
1388.757718, 0.473557, 40.897370
1390.171932, 0.474064, 40.939204
1391.586145, 0.474542, 40.980994
1393.000359, 0.475033, 41.022852
1394.414572, 0.475517, 41.064629
1395.828786, 0.475997, 41.106476
1397.243000, 0.476484, 41.148369
1398.657213, 0.476979, 41.190196
1400.071427, 0.477460, 41.231979
1401.485640, 0.477956, 41.273806
1402.899854, 0.478460, 41.315644
1404.314067, 0.478921, 41.357422
1405.728281, 0.479408, 41.399286
1407.142495, 0.479910, 41.441104
1408.556708, 0.480394, 41.482936
1409.970922, 0.480874, 41.524757
1411.385135, 0.481377, 41.566605
1412.799349, 0.481843, 41.608426
1414.213562, 0.482334, 41.650288
