Source_Distance(m), Centroid_Error(m), Confidence_Radius(m)
0.000000, 0.016684, 0.114582
0.007078, 0.013877, 0.118518
0.014156, 0.011135, 0.122492
0.021234, 0.008463, 0.126495
0.028313, 0.005856, 0.130520
0.035391, 0.003324, 0.134555
0.042469, 0.000860, 0.138590
0.049547, 0.001524, 0.142614
0.056625, 0.003834, 0.146612
0.063703, 0.006061, 0.150575
0.070781, 0.008207, 0.154486
0.077860, 0.010268, 0.158332
0.084938, 0.012242, 0.162098
0.092016, 0.014130, 0.165767
0.099094, 0.015926, 0.169329
0.106172, 0.017433, 0.172901
0.113250, 0.018114, 0.176830
0.120328, 0.018710, 0.180588
0.127407, 0.019220, 0.184161
0.134485, 0.019642, 0.187537
0.141563, 0.019983, 0.190701
0.148641, 0.020241, 0.193641
0.155719, 0.020421, 0.196346
0.162797, 0.020522, 0.198807
0.169876, 0.020548, 0.201013
0.176954, 0.020503, 0.202955
0.184032, 0.020389, 0.204626
0.191110, 0.020208, 0.206020
0.198188, 0.019964, 0.207131
0.205266, 0.019660, 0.207958
0.212344, 0.019300, 0.208497
0.219423, 0.018887, 0.208751
0.226501, 0.018426, 0.208721
0.233579, 0.017922, 0.208418
0.240657, 0.017380, 0.207847
0.247735, 0.016807, 0.207024
0.254813, 0.016208, 0.205967
0.261891, 0.015590, 0.204695
0.268970, 0.014960, 0.203232
0.276048, 0.014325, 0.201604
0.283126, 0.013690, 0.199836
0.290204, 0.013061, 0.197956
0.297282, 0.012444, 0.195990
0.304360, 0.011843, 0.193960
0.311438, 0.011262, 0.191889
0.318517, 0.010703, 0.189795
0.325595, 0.010168, 0.187694
0.332673, 0.009658, 0.185599
0.339751, 0.009176, 0.183520
0.346829, 0.008721, 0.182039
0.353907, 0.008293, 0.183506
0.360985, 0.007891, 0.184992
0.368064, 0.007518, 0.186496
0.375142, 0.007171, 0.188007
0.382220, 0.006849, 0.189522
0.389298, 0.006553, 0.191034
0.396376, 0.006281, 0.192535
0.403454, 0.006033, 0.194021
0.410532, 0.005810, 0.195485
0.417611, 0.005609, 0.196919
0.424689, 0.005431, 0.198319
0.431767, 0.005276, 0.199678
0.438845, 0.005142, 0.200989
0.445923, 0.005028, 0.202249
0.453001, 0.004935, 0.203451
0.460079, 0.004861, 0.204592
0.467158, 0.004806, 0.205667
0.474236, 0.004768, 0.206672
0.481314, 0.004747, 0.207604
0.488392, 0.004741, 0.208460
0.495470, 0.004750, 0.209238
0.502548, 0.004772, 0.209936
0.509627, 0.004806, 0.210551
0.516705, 0.004850, 0.211083
0.523783, 0.004902, 0.211531
0.530861, 0.004962, 0.211895
0.537939, 0.005028, 0.212173
0.545017, 0.005098, 0.212367
0.552095, 0.005170, 0.212476
0.559174, 0.005243, 0.212501
0.566252, 0.005314, 0.212443
0.573330, 0.005383, 0.212302
0.580408, 0.005447, 0.212079
0.587486, 0.005505, 0.211776
0.594564, 0.005554, 0.211394
0.601642, 0.005595, 0.210933
0.608721, 0.005624, 0.210397
0.615799, 0.005642, 0.209787
0.622877, 0.005647, 0.209104
0.629955, 0.005638, 0.208351
0.637033, 0.005614, 0.207530
0.644111, 0.005576, 0.206645
0.651189, 0.005523, 0.205697
0.658268, 0.005457, 0.204691
0.665346, 0.005377, 0.203629
0.672424, 0.005285, 0.202516
0.679502, 0.005182, 0.201355
0.686580, 0.005070, 0.200152
0.693658, 0.004951, 0.198910
0.700736, 0.004827, 0.197634
0.707815, 0.004701, 0.196329
0.714893, 0.004576, 0.195000
0.721971, 0.004453, 0.193652
0.729049, 0.004333, 0.192286
0.736127, 0.004224, 0.192164
0.743205, 0.004125, 0.193313
0.750283, 0.004038, 0.194414
0.757362, 0.003965, 0.195461
0.764440, 0.003905, 0.196451
0.771518, 0.003862, 0.197380
0.778596, 0.003837, 0.198243
0.785674, 0.003828, 0.199039
0.792752, 0.003834, 0.199765
0.799830, 0.003857, 0.200419
0.806909, 0.003897, 0.200994
0.813987, 0.003951, 0.201493
0.821065, 0.004020, 0.201912
0.828143, 0.004099, 0.202250
0.835221, 0.004192, 0.202504
0.842299, 0.004295, 0.202672
0.849378, 0.004406, 0.202755
0.856456, 0.004524, 0.202750
0.863534, 0.004649, 0.202657
0.870612, 0.004777, 0.202474
0.877690, 0.004908, 0.202201
0.884768, 0.005040, 0.201838
0.891846, 0.005173, 0.201385
0.898925, 0.005303, 0.200840
0.906003, 0.005431, 0.200205
0.913081, 0.005555, 0.199481
0.920159, 0.005674, 0.198668
0.927237, 0.005787, 0.197767
0.934315, 0.005894, 0.196779
0.941393, 0.005994, 0.195709
0.948472, 0.006085, 0.194557
0.955550, 0.006168, 0.193327
0.962628, 0.006242, 0.192021
0.969706, 0.006308, 0.190644
0.976784, 0.006365, 0.189199
0.983862, 0.006413, 0.187692
0.990940, 0.006451, 0.186125
0.998019, 0.006482, 0.184506
1.005097, 0.006504, 0.182837
1.012175, 0.006519, 0.181126
1.019253, 0.006526, 0.179377
1.026331, 0.006527, 0.177596
1.033409, 0.006520, 0.175788
1.040487, 0.006508, 0.173958
1.047566, 0.006492, 0.172112
1.054644, 0.006470, 0.170254
1.061722, 0.006444, 0.168390
1.068800, 0.006415, 0.166524
1.075878, 0.006383, 0.164659
1.082956, 0.006348, 0.162801
1.090034, 0.006311, 0.160952
1.097113, 0.006273, 0.159116
1.104191, 0.006233, 0.157297
1.111269, 0.006193, 0.155496
1.118347, 0.006152, 0.153716
1.125425, 0.006111, 0.151959
1.132503, 0.006070, 0.150227
1.139581, 0.006030, 0.148522
1.146660, 0.005990, 0.146843
1.153738, 0.005950, 0.145833
1.160816, 0.005912, 0.146408
1.167894, 0.005875, 0.146984
1.174972, 0.005839, 0.147561
1.182050, 0.005804, 0.148139
1.189129, 0.005770, 0.148720
1.196207, 0.005738, 0.149302
1.203285, 0.005708, 0.149886
1.210363, 0.005678, 0.150472
1.217441, 0.005651, 0.151061
1.224519, 0.005624, 0.151653
1.231597, 0.005600, 0.152248
1.238676, 0.005577, 0.152845
1.245754, 0.005555, 0.153445
1.252832, 0.005535, 0.154049
1.259910, 0.005516, 0.154656
1.266988, 0.005499, 0.155266
1.274066, 0.005484, 0.155880
1.281144, 0.005469, 0.156497
1.288223, 0.005457, 0.157117
1.295301, 0.005445, 0.157741
1.302379, 0.005435, 0.158369
1.309457, 0.005426, 0.159000
1.316535, 0.005419, 0.159635
1.323613, 0.005413, 0.160274
1.330691, 0.005408, 0.160916
1.337770, 0.005404, 0.161562
1.344848, 0.005401, 0.162212
1.351926, 0.005400, 0.162865
1.359004, 0.005399, 0.163522
1.366082, 0.005400, 0.164183
1.373160, 0.005402, 0.164848
1.380238, 0.005405, 0.165517
1.387317, 0.005409, 0.166189
1.394395, 0.005413, 0.166865
1.401473, 0.005419, 0.167544
1.408551, 0.005425, 0.168228
1.415629, 0.005433, 0.168914
1.422707, 0.005441, 0.169605
1.429785, 0.005450, 0.170299
1.436864, 0.005460, 0.170997
1.443942, 0.005471, 0.171699
1.451020, 0.005483, 0.172404
1.458098, 0.005495, 0.173112
1.465176, 0.005508, 0.173824
1.472254, 0.005521, 0.174540
1.479333, 0.005536, 0.175259
1.486411, 0.005551, 0.175981
1.493489, 0.005566, 0.176707
1.500567, 0.005583, 0.177436
1.507645, 0.005599, 0.178169
1.514723, 0.005617, 0.178905
1.521801, 0.005635, 0.179644
1.528880, 0.005653, 0.180386
1.535958, 0.005673, 0.181132
1.543036, 0.005692, 0.181881
1.550114, 0.005712, 0.182633
1.557192, 0.005733, 0.183388
1.564270, 0.005754, 0.184146
1.571348, 0.005776, 0.184908
1.578427, 0.005798, 0.185672
1.585505, 0.005820, 0.186440
1.592583, 0.005843, 0.187210
1.599661, 0.005866, 0.187983
1.606739, 0.005890, 0.188760
1.613817, 0.005914, 0.189539
1.620895, 0.005938, 0.190321
1.627974, 0.005963, 0.191106
1.635052, 0.005989, 0.191893
1.642130, 0.006014, 0.192684
1.649208, 0.006040, 0.193477
1.656286, 0.006066, 0.194273
1.663364, 0.006093, 0.195071
1.670442, 0.006120, 0.195872
1.677521, 0.006147, 0.196676
1.684599, 0.006174, 0.197482
1.691677, 0.006202, 0.198291
1.698755, 0.006230, 0.199103
1.705833, 0.006259, 0.199917
1.712911, 0.006287, 0.200733
1.719989, 0.006316, 0.201552
1.727068, 0.006345, 0.202373
1.734146, 0.006375, 0.203196
1.741224, 0.006404, 0.204022
1.748302, 0.006434, 0.204851
1.755380, 0.006464, 0.205681
1.762458, 0.006495, 0.206514
1.769536, 0.006525, 0.207349
1.776615, 0.006556, 0.208186
1.783693, 0.006587, 0.209026
1.790771, 0.006618, 0.209867
1.797849, 0.006650, 0.210711
1.804927, 0.006681, 0.211557
1.812005, 0.006713, 0.212405
1.819084, 0.006745, 0.213255
1.826162, 0.006777, 0.214107
1.833240, 0.006810, 0.214961
1.840318, 0.006842, 0.215817
1.847396, 0.006875, 0.216675
1.854474, 0.006908, 0.217535
1.861552, 0.006941, 0.218397
1.868631, 0.006974, 0.219261
1.875709, 0.007007, 0.220127
1.882787, 0.007041, 0.220994
1.889865, 0.007074, 0.221864
1.896943, 0.007108, 0.222735
1.904021, 0.007142, 0.223608
1.911099, 0.007176, 0.224483
1.918178, 0.007210, 0.225359
1.925256, 0.007245, 0.226238
1.932334, 0.007279, 0.227118
1.939412, 0.007314, 0.227999
1.946490, 0.007348, 0.228882
1.953568, 0.007383, 0.229767
1.960646, 0.007418, 0.230654
1.967725, 0.007453, 0.231542
1.974803, 0.007488, 0.232432
1.981881, 0.007524, 0.233323
1.988959, 0.007559, 0.234216
1.996037, 0.007595, 0.235111
2.003115, 0.007630, 0.236007
2.010193, 0.007666, 0.236904
2.017272, 0.007702, 0.237803
2.024350, 0.007738, 0.238704
2.031428, 0.007774, 0.239606
2.038506, 0.007810, 0.240509
2.045584, 0.007846, 0.241414
2.052662, 0.007882, 0.242320
2.059740, 0.007919, 0.243228
2.066819, 0.007955, 0.244137
2.073897, 0.007991, 0.245047
2.080975, 0.008028, 0.245959
2.088053, 0.008065, 0.246872
2.095131, 0.008102, 0.247786
2.102209, 0.008138, 0.248702
2.109287, 0.008175, 0.249618
2.116366, 0.008212, 0.250537
2.123444, 0.008249, 0.251456
2.130522, 0.008287, 0.252377
2.137600, 0.008324, 0.253298
2.144678, 0.008361, 0.254221
2.151756, 0.008398, 0.255146
2.158835, 0.008436, 0.256071
2.165913, 0.008473, 0.256998
2.172991, 0.008511, 0.257926
2.180069, 0.008549, 0.258855
2.187147, 0.008586, 0.259785
2.194225, 0.008624, 0.260716
2.201303, 0.008662, 0.261648
2.208382, 0.008700, 0.262582
2.215460, 0.008738, 0.263516
2.222538, 0.008776, 0.264452
2.229616, 0.008814, 0.265388
2.236694, 0.008852, 0.266326
2.243772, 0.008890, 0.267265
2.250850, 0.008928, 0.268205
2.257929, 0.008966, 0.269145
2.265007, 0.009005, 0.270087
2.272085, 0.009043, 0.271030
2.279163, 0.009081, 0.271974
2.286241, 0.009120, 0.272918
2.293319, 0.009158, 0.273864
2.300397, 0.009197, 0.274811
2.307476, 0.009235, 0.275758
2.314554, 0.009274, 0.276707
2.321632, 0.009313, 0.277657
2.328710, 0.009351, 0.278607
2.335788, 0.009390, 0.279558
2.342866, 0.009429, 0.280510
2.349944, 0.009468, 0.281464
2.357023, 0.009507, 0.282418
2.364101, 0.009546, 0.283372
2.371179, 0.009585, 0.284328
2.378257, 0.009624, 0.285285
2.385335, 0.009663, 0.286242
2.392413, 0.009702, 0.287200
2.399491, 0.009741, 0.288159
2.406570, 0.009780, 0.289119
2.413648, 0.009819, 0.290080
2.420726, 0.009858, 0.291042
2.427804, 0.009898, 0.292004
2.434882, 0.009937, 0.292967
2.441960, 0.009976, 0.293931
2.449039, 0.010016, 0.294896
2.456117, 0.010055, 0.295861
2.463195, 0.010095, 0.296827
2.470273, 0.010134, 0.297794
2.477351, 0.010174, 0.298762
2.484429, 0.010213, 0.299730
2.491507, 0.010253, 0.300699
2.498586, 0.010292, 0.301669
2.505664, 0.010332, 0.302640
2.512742, 0.010371, 0.303611
2.519820, 0.010411, 0.304583
2.526898, 0.010451, 0.305555
2.533976, 0.010491, 0.306529
2.541054, 0.010530, 0.307503
2.548133, 0.010570, 0.308478
2.555211, 0.010610, 0.309453
2.562289, 0.010650, 0.310429
2.569367, 0.010690, 0.311406
2.576445, 0.010729, 0.312383
2.583523, 0.010769, 0.313361
2.590601, 0.010809, 0.314339
2.597680, 0.010849, 0.315319
2.604758, 0.010889, 0.316299
2.611836, 0.010929, 0.317279
2.618914, 0.010969, 0.318260
2.625992, 0.011009, 0.319242
2.633070, 0.011049, 0.320224
2.640148, 0.011089, 0.321207
2.647227, 0.011130, 0.322190
2.654305, 0.011170, 0.323174
2.661383, 0.011210, 0.324159
2.668461, 0.011250, 0.325144
2.675539, 0.011290, 0.326130
2.682617, 0.011330, 0.327116
2.689695, 0.011371, 0.328103
2.696774, 0.011411, 0.329091
2.703852, 0.011451, 0.330079
2.710930, 0.011492, 0.331067
2.718008, 0.011532, 0.332056
2.725086, 0.011572, 0.333046
2.732164, 0.011613, 0.334036
2.739242, 0.011653, 0.335027
2.746321, 0.011693, 0.336018
2.753399, 0.011734, 0.337010
2.760477, 0.011774, 0.338002
2.767555, 0.011815, 0.338995
2.774633, 0.011855, 0.339988
2.781711, 0.011896, 0.340982
2.788790, 0.011936, 0.341976
2.795868, 0.011977, 0.342970
2.802946, 0.012017, 0.343966
2.810024, 0.012058, 0.344961
2.817102, 0.012098, 0.345957
2.824180, 0.012139, 0.346954
2.831258, 0.012180, 0.347951
2.838337, 0.012220, 0.348949
2.845415, 0.012261, 0.349947
2.852493, 0.012301, 0.350945
2.859571, 0.012342, 0.351944
2.866649, 0.012383, 0.352943
2.873727, 0.012423, 0.353943
2.880805, 0.012464, 0.354943
2.887884, 0.012505, 0.355944
2.894962, 0.012546, 0.356945
2.902040, 0.012586, 0.357947
2.909118, 0.012627, 0.358949
2.916196, 0.012668, 0.359951
2.923274, 0.012709, 0.360954
2.930352, 0.012750, 0.361957
2.937431, 0.012790, 0.362961
2.944509, 0.012831, 0.363965
2.951587, 0.012872, 0.364969
2.958665, 0.012913, 0.365974
2.965743, 0.012954, 0.366979
2.972821, 0.012995, 0.367985
2.979899, 0.013036, 0.368991
2.986978, 0.013076, 0.369997
2.994056, 0.013117, 0.371004
3.001134, 0.013158, 0.372011
3.008212, 0.013199, 0.373019
3.015290, 0.013240, 0.374027
3.022368, 0.013281, 0.375035
3.029446, 0.013322, 0.376043
3.036525, 0.013363, 0.377053
3.043603, 0.013404, 0.378062
3.050681, 0.013445, 0.379072
3.057759, 0.013486, 0.380082
3.064837, 0.013527, 0.381092
3.071915, 0.013568, 0.382103
3.078993, 0.013609, 0.383114
3.086072, 0.013650, 0.384126
3.093150, 0.013692, 0.385138
3.100228, 0.013733, 0.386150
3.107306, 0.013774, 0.387162
3.114384, 0.013815, 0.388175
3.121462, 0.013856, 0.389188
3.128541, 0.013897, 0.390202
3.135619, 0.013938, 0.391216
3.142697, 0.013979, 0.392230
3.149775, 0.014021, 0.393245
3.156853, 0.014062, 0.394259
3.163931, 0.014103, 0.395275
3.171009, 0.014144, 0.396290
3.178088, 0.014185, 0.397306
3.185166, 0.014226, 0.398322
3.192244, 0.014268, 0.399338
3.199322, 0.014309, 0.400355
3.206400, 0.014350, 0.401372
3.213478, 0.014391, 0.402389
3.220556, 0.014433, 0.403407
3.227635, 0.014474, 0.404425
3.234713, 0.014515, 0.405443
3.241791, 0.014556, 0.406462
3.248869, 0.014598, 0.407480
3.255947, 0.014639, 0.408500
3.263025, 0.014680, 0.409519
3.270103, 0.014722, 0.410539
3.277182, 0.014763, 0.411558
3.284260, 0.014804, 0.412579
3.291338, 0.014846, 0.413599
3.298416, 0.014887, 0.414620
3.305494, 0.014928, 0.415641
3.312572, 0.014970, 0.416662
3.319650, 0.015011, 0.417684
3.326729, 0.015052, 0.418706
3.333807, 0.015094, 0.419728
3.340885, 0.015135, 0.420750
3.347963, 0.015177, 0.421773
3.355041, 0.015218, 0.422796
3.362119, 0.015259, 0.423819
3.369197, 0.015301, 0.424842
3.376276, 0.015342, 0.425866
3.383354, 0.015384, 0.426890
3.390432, 0.015425, 0.427914
3.397510, 0.015466, 0.428938
3.404588, 0.015508, 0.429963
3.411666, 0.015549, 0.430988
3.418744, 0.015591, 0.432013
3.425823, 0.015632, 0.433039
3.432901, 0.015674, 0.434064
3.439979, 0.015715, 0.435090
3.447057, 0.015757, 0.436116
3.454135, 0.015798, 0.437143
3.461213, 0.015840, 0.438169
3.468292, 0.015881, 0.439196
3.475370, 0.015923, 0.440223
3.482448, 0.015964, 0.441250
3.489526, 0.016006, 0.442278
3.496604, 0.016047, 0.443305
3.503682, 0.016089, 0.444333
3.510760, 0.016131, 0.445362
3.517839, 0.016172, 0.446390
3.524917, 0.016214, 0.447419
3.531995, 0.016255, 0.448447
3.539073, 0.016297, 0.449476
3.546151, 0.016338, 0.450506
3.553229, 0.016380, 0.451535
3.560307, 0.016422, 0.452565
3.567386, 0.016463, 0.453595
3.574464, 0.016505, 0.454625
3.581542, 0.016546, 0.455655
3.588620, 0.016588, 0.456686
3.595698, 0.016630, 0.457716
3.602776, 0.016671, 0.458747
3.609854, 0.016713, 0.459778
3.616933, 0.016754, 0.460810
3.624011, 0.016796, 0.461841
3.631089, 0.016838, 0.462873
3.638167, 0.016879, 0.463905
3.645245, 0.016921, 0.464937
3.652323, 0.016963, 0.465969
3.659401, 0.017004, 0.467002
3.666480, 0.017046, 0.468035
3.673558, 0.017088, 0.469068
3.680636, 0.017129, 0.470101
3.687714, 0.017171, 0.471134
3.694792, 0.017213, 0.472167
3.701870, 0.017254, 0.473201
3.708948, 0.017296, 0.474235
3.716027, 0.017338, 0.475269
3.723105, 0.017380, 0.476303
3.730183, 0.017421, 0.477337
3.737261, 0.017463, 0.478372
3.744339, 0.017505, 0.479407
3.751417, 0.017546, 0.480442
3.758496, 0.017588, 0.481477
3.765574, 0.017630, 0.482512
3.772652, 0.017672, 0.483547
3.779730, 0.017713, 0.484583
3.786808, 0.017755, 0.485619
3.793886, 0.017797, 0.486655
3.800964, 0.017839, 0.487691
3.808043, 0.017880, 0.488727
3.815121, 0.017922, 0.489763
3.822199, 0.017964, 0.490800
3.829277, 0.018006, 0.491837
3.836355, 0.018048, 0.492874
3.843433, 0.018089, 0.493911
3.850511, 0.018131, 0.494948
3.857590, 0.018173, 0.495986
3.864668, 0.018215, 0.497023
3.871746, 0.018257, 0.498061
3.878824, 0.018298, 0.499099
3.885902, 0.018340, 0.500137
3.892980, 0.018382, 0.501175
3.900058, 0.018424, 0.502214
3.907137, 0.018466, 0.503252
3.914215, 0.018507, 0.504291
3.921293, 0.018549, 0.505330
3.928371, 0.018591, 0.506369
3.935449, 0.018633, 0.507408
3.942527, 0.018675, 0.508447
3.949605, 0.018717, 0.509486
3.956684, 0.018759, 0.510526
3.963762, 0.018800, 0.511566
3.970840, 0.018842, 0.512606
3.977918, 0.018884, 0.513646
3.984996, 0.018926, 0.514686
3.992074, 0.018968, 0.515726
3.999152, 0.019010, 0.516767
4.006231, 0.019052, 0.517807
4.013309, 0.019093, 0.518848
4.020387, 0.019135, 0.519889
4.027465, 0.019177, 0.520930
4.034543, 0.019219, 0.521971
4.041621, 0.019261, 0.523012
4.048699, 0.019303, 0.524054
4.055778, 0.019345, 0.525095
4.062856, 0.019387, 0.526137
4.069934, 0.019429, 0.527179
4.077012, 0.019471, 0.528221
4.084090, 0.019512, 0.529263
4.091168, 0.019554, 0.530305
4.098247, 0.019596, 0.531348
4.105325, 0.019638, 0.532390
4.112403, 0.019680, 0.533433
4.119481, 0.019722, 0.534475
4.126559, 0.019764, 0.535518
4.133637, 0.019806, 0.536561
4.140715, 0.019848, 0.537604
4.147794, 0.019890, 0.538648
4.154872, 0.019932, 0.539691
4.161950, 0.019974, 0.540735
4.169028, 0.020016, 0.541778
4.176106, 0.020058, 0.542822
4.183184, 0.020100, 0.543866
4.190262, 0.020142, 0.544910
4.197341, 0.020184, 0.545954
4.204419, 0.020226, 0.546998
4.211497, 0.020267, 0.548043
4.218575, 0.020309, 0.549087
4.225653, 0.020351, 0.550132
4.232731, 0.020393, 0.551176
4.239809, 0.020435, 0.552221
4.246888, 0.020477, 0.553266
4.253966, 0.020519, 0.554311
4.261044, 0.020561, 0.555356
4.268122, 0.020603, 0.556402
4.275200, 0.020645, 0.557447
4.282278, 0.020687, 0.558493
4.289356, 0.020729, 0.559538
4.296435, 0.020771, 0.560584
4.303513, 0.020813, 0.561630
4.310591, 0.020855, 0.562676
4.317669, 0.020897, 0.563722
4.324747, 0.020939, 0.564768
4.331825, 0.020981, 0.565815
4.338903, 0.021023, 0.566861
4.345982, 0.021066, 0.567907
4.353060, 0.021108, 0.568954
4.360138, 0.021150, 0.570001
4.367216, 0.021192, 0.571048
4.374294, 0.021234, 0.572095
4.381372, 0.021276, 0.573142
4.388450, 0.021318, 0.574189
4.395529, 0.021360, 0.575236
4.402607, 0.021402, 0.576283
4.409685, 0.021444, 0.577331
4.416763, 0.021486, 0.578378
4.423841, 0.021528, 0.579426
4.430919, 0.021570, 0.580474
4.437998, 0.021612, 0.581522
4.445076, 0.021654, 0.582570
4.452154, 0.021696, 0.583618
4.459232, 0.021738, 0.584666
4.466310, 0.021780, 0.585714
4.473388, 0.021822, 0.586763
4.480466, 0.021864, 0.587811
4.487545, 0.021907, 0.588860
4.494623, 0.021949, 0.589908
4.501701, 0.021991, 0.590957
4.508779, 0.022033, 0.592006
4.515857, 0.022075, 0.593055
4.522935, 0.022117, 0.594104
4.530013, 0.022159, 0.595153
4.537092, 0.022201, 0.596202
4.544170, 0.022243, 0.597251
4.551248, 0.022285, 0.598301
4.558326, 0.022327, 0.599350
4.565404, 0.022370, 0.600400
4.572482, 0.022412, 0.601450
4.579560, 0.022454, 0.602499
4.586639, 0.022496, 0.603549
4.593717, 0.022538, 0.604599
4.600795, 0.022580, 0.605649
4.607873, 0.022622, 0.606699
4.614951, 0.022664, 0.607749
4.622029, 0.022706, 0.608800
4.629107, 0.022749, 0.609850
4.636186, 0.022791, 0.610901
4.643264, 0.022833, 0.611951
4.650342, 0.022875, 0.613002
4.657420, 0.022917, 0.614053
4.664498, 0.022959, 0.615103
4.671576, 0.023001, 0.616154
4.678654, 0.023043, 0.617205
4.685733, 0.023086, 0.618256
4.692811, 0.023128, 0.619307
4.699889, 0.023170, 0.620359
4.706967, 0.023212, 0.621410
4.714045, 0.023254, 0.622461
4.721123, 0.023296, 0.623513
4.728201, 0.023339, 0.624564
4.735280, 0.023381, 0.625616
4.742358, 0.023423, 0.626668
4.749436, 0.023465, 0.627720
4.756514, 0.023507, 0.628771
4.763592, 0.023549, 0.629823
4.770670, 0.023591, 0.630875
4.777749, 0.023634, 0.631928
4.784827, 0.023676, 0.632980
4.791905, 0.023718, 0.634032
4.798983, 0.023760, 0.635084
4.806061, 0.023802, 0.636137
4.813139, 0.023844, 0.637189
4.820217, 0.023887, 0.638242
4.827296, 0.023929, 0.639295
4.834374, 0.023971, 0.640347
4.841452, 0.024013, 0.641400
4.848530, 0.024055, 0.642453
4.855608, 0.024098, 0.643506
4.862686, 0.024140, 0.644559
4.869764, 0.024182, 0.645612
4.876843, 0.024224, 0.646665
4.883921, 0.024266, 0.647718
4.890999, 0.024309, 0.648772
4.898077, 0.024351, 0.649825
4.905155, 0.024393, 0.650879
4.912233, 0.024435, 0.651932
4.919311, 0.024477, 0.652986
4.926390, 0.024519, 0.654039
4.933468, 0.024562, 0.655093
4.940546, 0.024604, 0.656147
4.947624, 0.024646, 0.657201
4.954702, 0.024688, 0.658255
4.961780, 0.024731, 0.659309
4.968858, 0.024773, 0.660363
4.975937, 0.024815, 0.661417
4.983015, 0.024857, 0.662471
4.990093, 0.024899, 0.663526
4.997171, 0.024942, 0.664580
5.004249, 0.024984, 0.665634
5.011327, 0.025026, 0.666689
5.018405, 0.025068, 0.667743
5.025484, 0.025111, 0.668798
5.032562, 0.025153, 0.669853
5.039640, 0.025195, 0.670908
5.046718, 0.025237, 0.671962
5.053796, 0.025279, 0.673017
5.060874, 0.025322, 0.674072
5.067953, 0.025364, 0.675127
5.075031, 0.025406, 0.676182
5.082109, 0.025448, 0.677237
5.089187, 0.025491, 0.678293
5.096265, 0.025533, 0.679348
5.103343, 0.025575, 0.680403
5.110421, 0.025617, 0.681459
5.117500, 0.025660, 0.682514
5.124578, 0.025702, 0.683570
5.131656, 0.025744, 0.684625
5.138734, 0.025786, 0.685681
5.145812, 0.025829, 0.686737
5.152890, 0.025871, 0.687792
5.159968, 0.025913, 0.688848
5.167047, 0.025955, 0.689904
5.174125, 0.025998, 0.690960
5.181203, 0.026040, 0.692016
5.188281, 0.026082, 0.693072
5.195359, 0.026124, 0.694128
5.202437, 0.026167, 0.695184
5.209515, 0.026209, 0.696241
5.216594, 0.026251, 0.697297
5.223672, 0.026293, 0.698353
5.230750, 0.026336, 0.699410
5.237828, 0.026378, 0.700466
5.244906, 0.026420, 0.701523
5.251984, 0.026463, 0.702579
5.259062, 0.026505, 0.703636
5.266141, 0.026547, 0.704693
5.273219, 0.026589, 0.705750
5.280297, 0.026632, 0.706806
5.287375, 0.026674, 0.707863
5.294453, 0.026716, 0.708920
5.301531, 0.026759, 0.709977
5.308609, 0.026801, 0.711034
5.315688, 0.026843, 0.712091
5.322766, 0.026885, 0.713148
5.329844, 0.026928, 0.714206
5.336922, 0.026970, 0.715263
5.344000, 0.027012, 0.716320
5.351078, 0.027055, 0.717378
5.358156, 0.027097, 0.718435
5.365235, 0.027139, 0.719493
5.372313, 0.027181, 0.720550
5.379391, 0.027224, 0.721608
5.386469, 0.027266, 0.722665
5.393547, 0.027308, 0.723723
5.400625, 0.027351, 0.724781
5.407704, 0.027393, 0.725838
5.414782, 0.027435, 0.726896
5.421860, 0.027478, 0.727954
5.428938, 0.027520, 0.729012
5.436016, 0.027562, 0.730070
5.443094, 0.027604, 0.731128
5.450172, 0.027647, 0.732186
5.457251, 0.027689, 0.733244
5.464329, 0.027731, 0.734303
5.471407, 0.027774, 0.735361
5.478485, 0.027816, 0.736419
5.485563, 0.027858, 0.737478
5.492641, 0.027901, 0.738536
5.499719, 0.027943, 0.739594
5.506798, 0.027985, 0.740653
5.513876, 0.028028, 0.741711
5.520954, 0.028070, 0.742770
5.528032, 0.028112, 0.743829
5.535110, 0.028155, 0.744887
5.542188, 0.028197, 0.745946
5.549266, 0.028239, 0.747005
5.556345, 0.028282, 0.748064
5.563423, 0.028324, 0.749123
5.570501, 0.028366, 0.750182
5.577579, 0.028409, 0.751240
5.584657, 0.028451, 0.752300
5.591735, 0.028493, 0.753359
5.598813, 0.028536, 0.754418
5.605892, 0.028578, 0.755477
5.612970, 0.028620, 0.756536
5.620048, 0.028663, 0.757595
5.627126, 0.028705, 0.758655
5.634204, 0.028747, 0.759714
5.641282, 0.028790, 0.760773
5.648360, 0.028832, 0.761833
5.655439, 0.028874, 0.762892
5.662517, 0.028917, 0.763952
5.669595, 0.028959, 0.765011
5.676673, 0.029001, 0.766071
5.683751, 0.029044, 0.767131
5.690829, 0.029086, 0.768190
5.697907, 0.029128, 0.769250
5.704986, 0.029171, 0.770310
5.712064, 0.029213, 0.771370
5.719142, 0.029255, 0.772429
5.726220, 0.029298, 0.773489
5.733298, 0.029340, 0.774549
5.740376, 0.029383, 0.775609
5.747455, 0.029425, 0.776669
5.754533, 0.029467, 0.777729
5.761611, 0.029510, 0.778790
5.768689, 0.029552, 0.779850
5.775767, 0.029594, 0.780910
5.782845, 0.029637, 0.781970
5.789923, 0.029679, 0.783031
5.797002, 0.029721, 0.784091
5.804080, 0.029764, 0.785151
5.811158, 0.029806, 0.786212
5.818236, 0.029849, 0.787272
5.825314, 0.029891, 0.788333
5.832392, 0.029933, 0.789393
5.839470, 0.029976, 0.790454
5.846549, 0.030018, 0.791514
5.853627, 0.030060, 0.792575
5.860705, 0.030103, 0.793636
5.867783, 0.030145, 0.794696
5.874861, 0.030188, 0.795757
5.881939, 0.030230, 0.796818
5.889017, 0.030272, 0.797879
5.896096, 0.030315, 0.798940
5.903174, 0.030357, 0.800001
5.910252, 0.030399, 0.801062
5.917330, 0.030442, 0.802123
5.924408, 0.030484, 0.803184
5.931486, 0.030527, 0.804245
5.938564, 0.030569, 0.805306
5.945643, 0.030611, 0.806367
5.952721, 0.030654, 0.807428
5.959799, 0.030696, 0.808490
5.966877, 0.030739, 0.809551
5.973955, 0.030781, 0.810612
5.981033, 0.030823, 0.811674
5.988111, 0.030866, 0.812735
5.995190, 0.030908, 0.813796
6.002268, 0.030950, 0.814858
6.009346, 0.030993, 0.815919
6.016424, 0.031035, 0.816981
6.023502, 0.031078, 0.818042
6.030580, 0.031120, 0.819104
6.037659, 0.031162, 0.820166
6.044737, 0.031205, 0.821227
6.051815, 0.031247, 0.822289
6.058893, 0.031290, 0.823351
6.065971, 0.031332, 0.824414
6.073049, 0.031375, 0.825476
6.080127, 0.031417, 0.826538
6.087206, 0.031459, 0.827600
6.094284, 0.031502, 0.828662
6.101362, 0.031544, 0.829724
6.108440, 0.031587, 0.830786
6.115518, 0.031629, 0.831848
6.122596, 0.031671, 0.832910
6.129674, 0.031714, 0.833972
6.136753, 0.031756, 0.835034
6.143831, 0.031799, 0.836096
6.150909, 0.031841, 0.837158
6.157987, 0.031883, 0.838221
6.165065, 0.031926, 0.839283
6.172143, 0.031968, 0.840345
6.179221, 0.032011, 0.841408
6.186300, 0.032053, 0.842470
6.193378, 0.032096, 0.843532
6.200456, 0.032138, 0.844595
6.207534, 0.032180, 0.845657
6.214612, 0.032223, 0.846720
6.221690, 0.032265, 0.847782
6.228768, 0.032308, 0.848845
6.235847, 0.032350, 0.849907
6.242925, 0.032392, 0.850970
6.250003, 0.032435, 0.852033
6.257081, 0.032477, 0.853095
6.264159, 0.032520, 0.854158
6.271237, 0.032562, 0.855221
6.278315, 0.032605, 0.856284
6.285394, 0.032647, 0.857347
6.292472, 0.032689, 0.858409
6.299550, 0.032732, 0.859472
6.306628, 0.032774, 0.860535
6.313706, 0.032817, 0.861598
6.320784, 0.032859, 0.862661
6.327862, 0.032902, 0.863724
6.334941, 0.032944, 0.864787
6.342019, 0.032986, 0.865850
6.349097, 0.033029, 0.866913
6.356175, 0.033071, 0.867977
6.363253, 0.033114, 0.869040
6.370331, 0.033156, 0.870103
6.377410, 0.033199, 0.871166
6.384488, 0.033241, 0.872230
6.391566, 0.033284, 0.873293
6.398644, 0.033326, 0.874356
6.405722, 0.033368, 0.875419
6.412800, 0.033411, 0.876483
6.419878, 0.033453, 0.877546
6.426957, 0.033496, 0.878610
6.434035, 0.033538, 0.879673
6.441113, 0.033581, 0.880737
6.448191, 0.033623, 0.881800
6.455269, 0.033666, 0.882864
6.462347, 0.033708, 0.883927
6.469425, 0.033750, 0.884991
6.476504, 0.033793, 0.886055
6.483582, 0.033835, 0.887118
6.490660, 0.033878, 0.888182
6.497738, 0.033920, 0.889246
6.504816, 0.033963, 0.890309
6.511894, 0.034005, 0.891373
6.518972, 0.034048, 0.892437
6.526051, 0.034090, 0.893501
6.533129, 0.034132, 0.894565
6.540207, 0.034175, 0.895629
6.547285, 0.034217, 0.896693
6.554363, 0.034260, 0.897757
6.561441, 0.034302, 0.898821
6.568519, 0.034345, 0.899885
6.575598, 0.034387, 0.900949
6.582676, 0.034430, 0.902013
6.589754, 0.034472, 0.903077
6.596832, 0.034515, 0.904141
6.603910, 0.034557, 0.905205
6.610988, 0.034600, 0.906269
6.618066, 0.034642, 0.907333
6.625145, 0.034684, 0.908398
6.632223, 0.034727, 0.909462
6.639301, 0.034769, 0.910526
6.646379, 0.034812, 0.911590
6.653457, 0.034854, 0.912655
6.660535, 0.034897, 0.913719
6.667613, 0.034939, 0.914783
6.674692, 0.034982, 0.915848
6.681770, 0.035024, 0.916912
6.688848, 0.035067, 0.917977
6.695926, 0.035109, 0.919041
6.703004, 0.035152, 0.920106
6.710082, 0.035194, 0.921170
6.717161, 0.035236, 0.922235
6.724239, 0.035279, 0.923299
6.731317, 0.035321, 0.924364
6.738395, 0.035364, 0.925429
6.745473, 0.035406, 0.926493
6.752551, 0.035449, 0.927558
6.759629, 0.035491, 0.928623
6.766708, 0.035534, 0.929688
6.773786, 0.035576, 0.930752
6.780864, 0.035619, 0.931817
6.787942, 0.035661, 0.932882
6.795020, 0.035704, 0.933947
6.802098, 0.035746, 0.935012
6.809176, 0.035789, 0.936076
6.816255, 0.035831, 0.937141
6.823333, 0.035874, 0.938206
6.830411, 0.035916, 0.939271
6.837489, 0.035959, 0.940336
6.844567, 0.036001, 0.941401
6.851645, 0.036044, 0.942466
6.858723, 0.036086, 0.943531
6.865802, 0.036129, 0.944596
6.872880, 0.036171, 0.945661
6.879958, 0.036213, 0.946727
6.887036, 0.036256, 0.947792
6.894114, 0.036298, 0.948857
6.901192, 0.036341, 0.949922
6.908270, 0.036383, 0.950987
6.915349, 0.036426, 0.952053
6.922427, 0.036468, 0.953118
6.929505, 0.036511, 0.954183
6.936583, 0.036553, 0.955248
6.943661, 0.036596, 0.956314
6.950739, 0.036638, 0.957379
6.957817, 0.036681, 0.958445
6.964896, 0.036723, 0.959510
6.971974, 0.036766, 0.960575
6.979052, 0.036808, 0.961641
6.986130, 0.036851, 0.962706
6.993208, 0.036893, 0.963772
7.000286, 0.036936, 0.964837
7.007364, 0.036978, 0.965903
7.014443, 0.037021, 0.966968
7.021521, 0.037063, 0.968034
7.028599, 0.037106, 0.969100
7.035677, 0.037148, 0.970165
7.042755, 0.037191, 0.971231
7.049833, 0.037233, 0.972296
7.056912, 0.037276, 0.973362
7.063990, 0.037318, 0.974428
7.071068, 0.037361, 0.975494
