Source_Distance(m), Centroid_Error(m), Confidence_Radius(m)
1.414214, 0.007994, 0.253887
1.554361, 0.006889, 0.247693
1.694508, 0.006002, 0.241986
1.834655, 0.005275, 0.236633
1.974803, 0.004673, 0.231555
2.114950, 0.004167, 0.226706
2.255097, 0.003740, 0.222059
2.395245, 0.003375, 0.217598
2.535392, 0.003064, 0.213314
2.675539, 0.002795, 0.209203
2.815686, 0.002564, 0.205266
2.955834, 0.002364, 0.201503
3.095981, 0.002192, 0.197916
3.236128, 0.002042, 0.194506
3.376276, 0.001912, 0.191275
3.516423, 0.001799, 0.188224
3.656570, 0.001701, 0.185351
3.796717, 0.001616, 0.182657
3.936865, 0.001543, 0.180139
4.077012, 0.001479, 0.177794
4.217159, 0.001424, 0.175618
4.357307, 0.001375, 0.173608
4.497454, 0.001333, 0.171758
4.637601, 0.001297, 0.170063
4.777749, 0.001265, 0.168518
4.917896, 0.001237, 0.167117
5.058043, 0.001213, 0.165855
5.198190, 0.001191, 0.164728
5.338338, 0.001172, 0.163730
5.478485, 0.001155, 0.162855
5.618632, 0.001140, 0.162101
5.758780, 0.001127, 0.161463
5.898927, 0.001115, 0.160936
6.039074, 0.001104, 0.160517
6.179221, 0.001095, 0.160203
6.319369, 0.001087, 0.159991
6.459516, 0.001079, 0.159877
6.599663, 0.001073, 0.159859
6.739811, 0.001067, 0.159934
6.879958, 0.001063, 0.161916
7.020105, 0.001059, 0.164159
7.160252, 0.001056, 0.166377
7.300400, 0.001054, 0.168573
7.440547, 0.001052, 0.170751
7.580694, 0.001052, 0.172915
7.720842, 0.001052, 0.175069
7.860989, 0.001053, 0.177217
8.001136, 0.001055, 0.179361
8.141283, 0.001057, 0.181506
8.281431, 0.001061, 0.183656
8.421578, 0.001065, 0.185812
8.561725, 0.001070, 0.187979
8.701873, 0.001076, 0.190159
8.842020, 0.001083, 0.192354
8.982167, 0.001090, 0.194567
9.122315, 0.001098, 0.196800
9.262462, 0.001107, 0.199056
9.402609, 0.001117, 0.201335
9.542756, 0.001127, 0.203640
9.682904, 0.001139, 0.205974
9.823051, 0.001151, 0.208346
9.963198, 0.001163, 0.210745
10.103346, 0.001177, 0.213172
10.243493, 0.001191, 0.215629
10.383640, 0.001206, 0.218114
10.523787, 0.001221, 0.220629
10.663935, 0.001237, 0.223175
10.804082, 0.001254, 0.225751
10.944229, 0.001272, 0.228357
11.084377, 0.001290, 0.230993
11.224524, 0.001309, 0.233660
11.364671, 0.001328, 0.236357
11.504818, 0.001348, 0.239085
11.644966, 0.001368, 0.241842
11.785113, 0.001389, 0.244629
11.925260, 0.001411, 0.247445
12.065408, 0.001433, 0.250289
12.205555, 0.001456, 0.253170
12.345702, 0.001479, 0.256085
12.485849, 0.001503, 0.259030
12.625997, 0.001527, 0.262002
12.766144, 0.001552, 0.265002
12.906291, 0.001577, 0.268029
13.046439, 0.001603, 0.271083
13.186586, 0.001629, 0.274163
13.326733, 0.001655, 0.277268
13.466880, 0.001682, 0.280399
13.607028, 0.001710, 0.283553
13.747175, 0.001737, 0.286731
13.887322, 0.001766, 0.289933
14.027470, 0.001794, 0.293156
14.167617, 0.001823, 0.296402
14.307764, 0.001853, 0.299670
14.447912, 0.001882, 0.302958
14.588059, 0.001912, 0.306266
14.728206, 0.001943, 0.309595
14.868353, 0.001973, 0.312943
15.008501, 0.002004, 0.316309
15.148648, 0.002036, 0.319694
15.288795, 0.002067, 0.323097
15.428943, 0.002099, 0.326517
15.569090, 0.002132, 0.329953
15.709237, 0.002164, 0.333407
15.849384, 0.002197, 0.336876
15.989532, 0.002230, 0.340361
16.129679, 0.002263, 0.343861
16.269826, 0.002297, 0.347375
16.409974, 0.002331, 0.350904
16.550121, 0.002365, 0.354447
16.690268, 0.002400, 0.358003
16.830415, 0.002434, 0.361572
16.970563, 0.002469, 0.365154
17.110710, 0.002504, 0.368749
17.250857, 0.002539, 0.372356
17.391005, 0.002575, 0.375974
17.531152, 0.002611, 0.379604
17.671299, 0.002647, 0.383245
17.811446, 0.002683, 0.386897
17.951594, 0.002719, 0.390560
18.091741, 0.002755, 0.394232
18.231888, 0.002792, 0.397915
18.372036, 0.002829, 0.401607
18.512183, 0.002866, 0.405309
18.652330, 0.002903, 0.409020
18.792478, 0.002941, 0.412740
18.932625, 0.002978, 0.416469
19.072772, 0.003016, 0.420206
19.212919, 0.003054, 0.423951
19.353067, 0.003092, 0.427705
19.493214, 0.003130, 0.431466
19.633361, 0.003169, 0.435235
19.773509, 0.003207, 0.439011
19.913656, 0.003246, 0.442795
20.053803, 0.003285, 0.446586
20.193950, 0.003324, 0.450383
20.334098, 0.003363, 0.454188
20.474245, 0.003402, 0.457998
20.614392, 0.003441, 0.461815
20.754540, 0.003481, 0.465639
20.894687, 0.003520, 0.469468
21.034834, 0.003560, 0.473304
21.174981, 0.003600, 0.477145
21.315129, 0.003640, 0.480991
21.455276, 0.003680, 0.484843
21.595423, 0.003720, 0.488701
21.735571, 0.003760, 0.492564
21.875718, 0.003801, 0.496431
22.015865, 0.003841, 0.500304
22.156012, 0.003882, 0.504182
22.296160, 0.003922, 0.508064
22.436307, 0.003963, 0.511951
22.576454, 0.004004, 0.515842
22.716602, 0.004045, 0.519738
22.856749, 0.004086, 0.523638
22.996896, 0.004127, 0.527543
23.137044, 0.004169, 0.531451
23.277191, 0.004210, 0.535364
23.417338, 0.004251, 0.539280
23.557485, 0.004293, 0.543200
23.697633, 0.004335, 0.547124
23.837780, 0.004376, 0.551052
23.977927, 0.004418, 0.554983
24.118075, 0.004460, 0.558918
24.258222, 0.004502, 0.562856
24.398369, 0.004544, 0.566797
24.538516, 0.004586, 0.570742
24.678664, 0.004628, 0.574690
24.818811, 0.004670, 0.578641
24.958958, 0.004713, 0.582595
25.099106, 0.004755, 0.586552
25.239253, 0.004797, 0.590512
25.379400, 0.004840, 0.594474
25.519547, 0.004883, 0.598440
25.659695, 0.004925, 0.602408
25.799842, 0.004968, 0.606380
25.939989, 0.005011, 0.610353
26.080137, 0.005054, 0.614329
26.220284, 0.005096, 0.618308
26.360431, 0.005139, 0.622290
26.500578, 0.005182, 0.626273
26.640726, 0.005225, 0.630259
26.780873, 0.005269, 0.634248
26.921020, 0.005312, 0.638238
27.061168, 0.005355, 0.642231
27.201315, 0.005398, 0.646226
27.341462, 0.005442, 0.650224
27.481609, 0.005485, 0.654223
27.621757, 0.005529, 0.658224
27.761904, 0.005572, 0.662228
27.902051, 0.005616, 0.666233
28.042199, 0.005659, 0.670240
28.182346, 0.005703, 0.674249
28.322493, 0.005747, 0.678261
28.462641, 0.005790, 0.682273
28.602788, 0.005834, 0.686288
28.742935, 0.005878, 0.690305
28.883082, 0.005922, 0.694323
29.023230, 0.005966, 0.698343
29.163377, 0.006010, 0.702364
29.303524, 0.006054, 0.706388
29.443672, 0.006098, 0.710412
29.583819, 0.006142, 0.714439
29.723966, 0.006186, 0.718467
29.864113, 0.006230, 0.722496
30.004261, 0.006275, 0.726527
30.144408, 0.006319, 0.730559
30.284555, 0.006363, 0.734593
30.424703, 0.006408, 0.738628
30.564850, 0.006452, 0.742665
30.704997, 0.006496, 0.746703
30.845144, 0.006541, 0.750742
30.985292, 0.006585, 0.754783
31.125439, 0.006630, 0.758825
31.265586, 0.006674, 0.762868
31.405734, 0.006719, 0.766913
31.545881, 0.006764, 0.770958
31.686028, 0.006808, 0.775005
31.826175, 0.006853, 0.779053
31.966323, 0.006898, 0.783103
32.106470, 0.006942, 0.787153
32.246617, 0.006987, 0.791204
32.386765, 0.007032, 0.795257
32.526912, 0.007077, 0.799311
32.667059, 0.007122, 0.803365
32.807207, 0.007167, 0.807421
32.947354, 0.007212, 0.811478
33.087501, 0.007257, 0.815536
33.227648, 0.007302, 0.819595
33.367796, 0.007347, 0.823655
33.507943, 0.007392, 0.827716
33.648090, 0.007437, 0.831777
33.788238, 0.007482, 0.835840
33.928385, 0.007527, 0.839904
34.068532, 0.007572, 0.843968
34.208679, 0.007618, 0.848034
34.348827, 0.007663, 0.852100
34.488974, 0.007708, 0.856167
34.629121, 0.007753, 0.860235
34.769269, 0.007799, 0.864304
34.909416, 0.007844, 0.868374
35.049563, 0.007889, 0.872444
35.189710, 0.007935, 0.876516
35.329858, 0.007980, 0.880588
35.470005, 0.008026, 0.884661
35.610152, 0.008071, 0.888734
35.750300, 0.008117, 0.892809
35.890447, 0.008162, 0.896884
36.030594, 0.008208, 0.900960
36.170741, 0.008253, 0.905036
36.310889, 0.008299, 0.909114
36.451036, 0.008344, 0.913192
36.591183, 0.008390, 0.917270
36.731331, 0.008435, 0.921350
36.871478, 0.008481, 0.925430
37.011625, 0.008527, 0.929511
37.151773, 0.008573, 0.933592
37.291920, 0.008618, 0.937674
37.432067, 0.008664, 0.941757
37.572214, 0.008710, 0.945840
37.712362, 0.008755, 0.949924
37.852509, 0.008801, 0.954008
37.992656, 0.008847, 0.958093
38.132804, 0.008893, 0.962179
38.272951, 0.008939, 0.966265
38.413098, 0.008985, 0.970352
38.553245, 0.009031, 0.974440
38.693393, 0.009076, 0.978527
38.833540, 0.009122, 0.982616
38.973687, 0.009168, 0.986705
39.113835, 0.009214, 0.990795
39.253982, 0.009260, 0.994885
39.394129, 0.009306, 0.998975
39.534276, 0.009352, 1.003066
39.674424, 0.009398, 1.007158
39.814571, 0.009444, 1.011250
39.954718, 0.009490, 1.015343
40.094866, 0.009536, 1.019436
40.235013, 0.009583, 1.023529
40.375160, 0.009629, 1.027623
40.515307, 0.009675, 1.031718
40.655455, 0.009721, 1.035813
40.795602, 0.009767, 1.039908
40.935749, 0.009813, 1.044004
41.075897, 0.009859, 1.048101
41.216044, 0.009906, 1.052197
41.356191, 0.009952, 1.056295
41.496338, 0.009998, 1.060392
41.636486, 0.010044, 1.064490
41.776633, 0.010091, 1.068589
41.916780, 0.010137, 1.072688
42.056928, 0.010183, 1.076787
42.197075, 0.010229, 1.080887
42.337222, 0.010276, 1.084987
42.477370, 0.010322, 1.089087
42.617517, 0.010368, 1.093188
42.757664, 0.010415, 1.097289
42.897811, 0.010461, 1.101391
43.037959, 0.010507, 1.105493
43.178106, 0.010554, 1.109595
43.318253, 0.010600, 1.113698
43.458401, 0.010647, 1.117801
43.598548, 0.010693, 1.121904
43.738695, 0.010740, 1.126008
43.878842, 0.010786, 1.130112
44.018990, 0.010832, 1.134216
44.159137, 0.010879, 1.138321
44.299284, 0.010925, 1.142426
44.439432, 0.010972, 1.146532
44.579579, 0.011018, 1.150638
44.719726, 0.011065, 1.154744
44.859873, 0.011111, 1.158850
45.000021, 0.011158, 1.162957
45.140168, 0.011205, 1.167064
45.280315, 0.011251, 1.171171
45.420463, 0.011298, 1.175279
45.560610, 0.011344, 1.179387
45.700757, 0.011391, 1.183495
45.840904, 0.011438, 1.187603
45.981052, 0.011484, 1.191712
46.121199, 0.011531, 1.195821
46.261346, 0.011577, 1.199931
46.401494, 0.011624, 1.204040
46.541641, 0.011671, 1.208150
46.681788, 0.011717, 1.212260
46.821936, 0.011764, 1.216371
46.962083, 0.011811, 1.220482
47.102230, 0.011858, 1.224592
47.242377, 0.011904, 1.228704
47.382525, 0.011951, 1.232815
47.522672, 0.011998, 1.236927
47.662819, 0.012044, 1.241039
47.802967, 0.012091, 1.245151
47.943114, 0.012138, 1.249264
48.083261, 0.012185, 1.253377
48.223408, 0.012231, 1.257490
48.363556, 0.012278, 1.261603
48.503703, 0.012325, 1.265716
48.643850, 0.012372, 1.269830
48.783998, 0.012419, 1.273944
48.924145, 0.012465, 1.278058
49.064292, 0.012512, 1.282172
49.204439, 0.012559, 1.286287
49.344587, 0.012606, 1.290402
49.484734, 0.012653, 1.294517
49.624881, 0.012700, 1.298632
49.765029, 0.012747, 1.302748
49.905176, 0.012793, 1.306863
50.045323, 0.012840, 1.310979
50.185470, 0.012887, 1.315096
50.325618, 0.012934, 1.319212
50.465765, 0.012981, 1.323328
50.605912, 0.013028, 1.327445
50.746060, 0.013075, 1.331562
50.886207, 0.013122, 1.335679
51.026354, 0.013169, 1.339797
51.166501, 0.013216, 1.343914
51.306649, 0.013263, 1.348032
51.446796, 0.013310, 1.352150
51.586943, 0.013357, 1.356268
51.727091, 0.013404, 1.360386
51.867238, 0.013451, 1.364504
52.007385, 0.013498, 1.368623
52.147533, 0.013545, 1.372742
52.287680, 0.013592, 1.376861
52.427827, 0.013639, 1.380980
52.567974, 0.013686, 1.385099
52.708122, 0.013733, 1.389219
52.848269, 0.013780, 1.393339
52.988416, 0.013827, 1.397459
53.128564, 0.013874, 1.401579
53.268711, 0.013921, 1.405699
53.408858, 0.013968, 1.409819
53.549005, 0.014015, 1.413940
53.689153, 0.014062, 1.418060
53.829300, 0.014109, 1.422181
53.969447, 0.014156, 1.426302
54.109595, 0.014203, 1.430423
54.249742, 0.014251, 1.434545
54.389889, 0.014298, 1.438666
54.530036, 0.014345, 1.442788
54.670184, 0.014392, 1.446910
54.810331, 0.014439, 1.451032
54.950478, 0.014486, 1.455154
55.090626, 0.014533, 1.459276
55.230773, 0.014580, 1.463398
55.370920, 0.014628, 1.467521
55.511067, 0.014675, 1.471643
55.651215, 0.014722, 1.475766
55.791362, 0.014769, 1.479889
55.931509, 0.014816, 1.484012
56.071657, 0.014863, 1.488135
56.211804, 0.014911, 1.492259
56.351951, 0.014958, 1.496382
56.492099, 0.015005, 1.500506
56.632246, 0.015052, 1.504630
56.772393, 0.015099, 1.508754
56.912540, 0.015147, 1.512878
57.052688, 0.015194, 1.517002
57.192835, 0.015241, 1.521126
57.332982, 0.015288, 1.525250
57.473130, 0.015335, 1.529375
57.613277, 0.015383, 1.533500
57.753424, 0.015430, 1.537624
57.893571, 0.015477, 1.541749
58.033719, 0.015524, 1.545874
58.173866, 0.015572, 1.549999
58.314013, 0.015619, 1.554125
58.454161, 0.015666, 1.558250
58.594308, 0.015714, 1.562376
58.734455, 0.015761, 1.566501
58.874602, 0.015808, 1.570627
59.014750, 0.015855, 1.574753
59.154897, 0.015903, 1.578879
59.295044, 0.015950, 1.583005
59.435192, 0.015997, 1.587131
59.575339, 0.016045, 1.591257
59.715486, 0.016092, 1.595384
59.855633, 0.016139, 1.599510
59.995781, 0.016187, 1.603637
60.135928, 0.016234, 1.607764
60.276075, 0.016281, 1.611890
60.416223, 0.016329, 1.616017
60.556370, 0.016376, 1.620144
60.696517, 0.016423, 1.624272
60.836665, 0.016471, 1.628399
60.976812, 0.016518, 1.632526
61.116959, 0.016565, 1.636653
61.257106, 0.016613, 1.640781
61.397254, 0.016660, 1.644909
61.537401, 0.016707, 1.649036
61.677548, 0.016755, 1.653164
61.817696, 0.016802, 1.657292
61.957843, 0.016850, 1.661420
62.097990, 0.016897, 1.665548
62.238137, 0.016944, 1.669677
62.378285, 0.016992, 1.673805
62.518432, 0.017039, 1.677933
62.658579, 0.017087, 1.682062
62.798727, 0.017134, 1.686190
62.938874, 0.017181, 1.690319
63.079021, 0.017229, 1.694448
63.219168, 0.017276, 1.698577
63.359316, 0.017324, 1.702706
63.499463, 0.017371, 1.706835
63.639610, 0.017419, 1.710964
63.779758, 0.017466, 1.715093
63.919905, 0.017513, 1.719222
64.060052, 0.017561, 1.723352
64.200199, 0.017608, 1.727481
64.340347, 0.017656, 1.731611
64.480494, 0.017703, 1.735740
64.620641, 0.017751, 1.739870
64.760789, 0.017798, 1.744000
64.900936, 0.017846, 1.748130
65.041083, 0.017893, 1.752260
65.181230, 0.017941, 1.756390
65.321378, 0.017988, 1.760520
65.461525, 0.018036, 1.764650
65.601672, 0.018083, 1.768780
65.741820, 0.018130, 1.772911
65.881967, 0.018178, 1.777041
66.022114, 0.018225, 1.781172
66.162262, 0.018273, 1.785302
66.302409, 0.018320, 1.789433
66.442556, 0.018368, 1.793563
66.582703, 0.018415, 1.797694
66.722851, 0.018463, 1.801825
66.862998, 0.018510, 1.805956
67.003145, 0.018558, 1.810087
67.143293, 0.018606, 1.814218
67.283440, 0.018653, 1.818349
67.423587, 0.018701, 1.822481
67.563734, 0.018748, 1.826612
67.703882, 0.018796, 1.830743
67.844029, 0.018843, 1.834875
67.984176, 0.018891, 1.839006
68.124324, 0.018938, 1.843138
68.264471, 0.018986, 1.847269
68.404618, 0.019033, 1.851401
68.544765, 0.019081, 1.855533
68.684913, 0.019128, 1.859665
68.825060, 0.019176, 1.863797
68.965207, 0.019224, 1.867929
69.105355, 0.019271, 1.872060
69.245502, 0.019319, 1.876193
69.385649, 0.019366, 1.880325
69.525796, 0.019414, 1.884457
69.665944, 0.019461, 1.888589
69.806091, 0.019509, 1.892722
69.946238, 0.019557, 1.896854
70.086386, 0.019604, 1.900987
70.226533, 0.019652, 1.905119
70.366680, 0.019699, 1.909252
70.506828, 0.019747, 1.913384
70.646975, 0.019795, 1.917517
70.787122, 0.019842, 1.921650
70.927269, 0.019890, 1.925783
71.067417, 0.019937, 1.929916
71.207564, 0.019985, 1.934049
71.347711, 0.020033, 1.938181
71.487859, 0.020080, 1.942315
71.628006, 0.020128, 1.946448
71.768153, 0.020175, 1.950581
71.908300, 0.020223, 1.954714
72.048448, 0.020271, 1.958847
72.188595, 0.020318, 1.962981
72.328742, 0.020366, 1.967114
72.468890, 0.020414, 1.971248
72.609037, 0.020461, 1.975381
72.749184, 0.020509, 1.979515
72.889331, 0.020556, 1.983648
73.029479, 0.020604, 1.987782
73.169626, 0.020652, 1.991916
73.309773, 0.020699, 1.996050
73.449921, 0.020747, 2.000183
73.590068, 0.020795, 2.004317
73.730215, 0.020842, 2.008451
73.870362, 0.020890, 2.012585
74.010510, 0.020938, 2.016719
74.150657, 0.020985, 2.020853
74.290804, 0.021033, 2.024987
74.430952, 0.021081, 2.029121
74.571099, 0.021128, 2.033256
74.711246, 0.021176, 2.037390
74.851394, 0.021224, 2.041524
74.991541, 0.021271, 2.045659
75.131688, 0.021319, 2.049793
75.271835, 0.021367, 2.053928
75.411983, 0.021414, 2.058062
75.552130, 0.021462, 2.062197
75.692277, 0.021510, 2.066331
75.832425, 0.021557, 2.070466
75.972572, 0.021605, 2.074601
76.112719, 0.021653, 2.078735
76.252866, 0.021701, 2.082870
76.393014, 0.021748, 2.087005
76.533161, 0.021796, 2.091140
76.673308, 0.021844, 2.095275
76.813456, 0.021891, 2.099410
76.953603, 0.021939, 2.103545
77.093750, 0.021987, 2.107680
77.233897, 0.022035, 2.111815
77.374045, 0.022082, 2.115950
77.514192, 0.022130, 2.120085
77.654339, 0.022178, 2.124220
77.794487, 0.022225, 2.128356
77.934634, 0.022273, 2.132491
78.074781, 0.022321, 2.136626
78.214928, 0.022369, 2.140762
78.355076, 0.022416, 2.144897
78.495223, 0.022464, 2.149033
78.635370, 0.022512, 2.153168
78.775518, 0.022559, 2.157304
78.915665, 0.022607, 2.161439
79.055812, 0.022655, 2.165575
79.195959, 0.022703, 2.169711
79.336107, 0.022750, 2.173846
79.476254, 0.022798, 2.177982
79.616401, 0.022846, 2.182118
79.756549, 0.022894, 2.186254
79.896696, 0.022941, 2.190390
80.036843, 0.022989, 2.194526
80.176991, 0.023037, 2.198662
80.317138, 0.023085, 2.202797
80.457285, 0.023132, 2.206934
80.597432, 0.023180, 2.211069
80.737580, 0.023228, 2.215206
80.877727, 0.023276, 2.219342
81.017874, 0.023324, 2.223478
81.158022, 0.023371, 2.227614
81.298169, 0.023419, 2.231750
81.438316, 0.023467, 2.235886
81.578463, 0.023515, 2.240023
81.718611, 0.023562, 2.244159
81.858758, 0.023610, 2.248296
81.998905, 0.023658, 2.252432
82.139053, 0.023706, 2.256569
82.279200, 0.023753, 2.260705
82.419347, 0.023801, 2.264842
82.559494, 0.023849, 2.268978
82.699642, 0.023897, 2.273115
82.839789, 0.023945, 2.277252
82.979936, 0.023992, 2.281388
83.120084, 0.024040, 2.285525
83.260231, 0.024088, 2.289661
83.400378, 0.024136, 2.293798
83.540525, 0.024184, 2.297935
83.680673, 0.024231, 2.302072
83.820820, 0.024279, 2.306209
83.960967, 0.024327, 2.310346
84.101115, 0.024375, 2.314482
84.241262, 0.024422, 2.318620
84.381409, 0.024470, 2.322757
84.521557, 0.024518, 2.326893
84.661704, 0.024566, 2.331030
84.801851, 0.024614, 2.335168
84.941998, 0.024662, 2.339305
85.082146, 0.024709, 2.343442
85.222293, 0.024757, 2.347579
85.362440, 0.024805, 2.351716
85.502588, 0.024853, 2.355854
85.642735, 0.024901, 2.359991
85.782882, 0.024948, 2.364128
85.923029, 0.024996, 2.368265
86.063177, 0.025044, 2.372403
86.203324, 0.025092, 2.376540
86.343471, 0.025140, 2.380678
86.483619, 0.025188, 2.384815
86.623766, 0.025235, 2.388952
86.763913, 0.025283, 2.393090
86.904060, 0.025331, 2.397227
87.044208, 0.025379, 2.401365
87.184355, 0.025427, 2.405503
87.324502, 0.025475, 2.409640
87.464650, 0.025523, 2.413778
87.604797, 0.025570, 2.417916
87.744944, 0.025618, 2.422053
87.885091, 0.025666, 2.426191
88.025239, 0.025714, 2.430329
88.165386, 0.025762, 2.434466
88.305533, 0.025809, 2.438604
88.445681, 0.025857, 2.442742
88.585828, 0.025905, 2.446880
88.725975, 0.025953, 2.451018
88.866123, 0.026001, 2.455156
89.006270, 0.026049, 2.459294
89.146417, 0.026097, 2.463432
89.286564, 0.026144, 2.467570
89.426712, 0.026192, 2.471708
89.566859, 0.026240, 2.475846
89.707006, 0.026288, 2.479984
89.847154, 0.026336, 2.484122
89.987301, 0.026384, 2.488260
90.127448, 0.026432, 2.492398
90.267595, 0.026479, 2.496537
90.407743, 0.026527, 2.500675
90.547890, 0.026575, 2.504813
90.688037, 0.026623, 2.508951
90.828185, 0.026671, 2.513089
90.968332, 0.026719, 2.517228
91.108479, 0.026767, 2.521366
91.248626, 0.026815, 2.525504
91.388774, 0.026862, 2.529643
91.528921, 0.026910, 2.533781
91.669068, 0.026958, 2.537919
91.809216, 0.027006, 2.542058
91.949363, 0.027054, 2.546196
92.089510, 0.027102, 2.550335
92.229657, 0.027150, 2.554473
92.369805, 0.027198, 2.558612
92.509952, 0.027246, 2.562751
92.650099, 0.027293, 2.566889
92.790247, 0.027341, 2.571028
92.930394, 0.027389, 2.575166
93.070541, 0.027437, 2.579305
93.210688, 0.027485, 2.583444
93.350836, 0.027533, 2.587582
93.490983, 0.027581, 2.591721
93.631130, 0.027629, 2.595860
93.771278, 0.027677, 2.599999
93.911425, 0.027724, 2.604137
94.051572, 0.027772, 2.608276
94.191720, 0.027820, 2.612415
94.331867, 0.027868, 2.616554
94.472014, 0.027916, 2.620693
94.612161, 0.027964, 2.624831
94.752309, 0.028012, 2.628970
94.892456, 0.028060, 2.633109
95.032603, 0.028108, 2.637248
95.172751, 0.028156, 2.641387
95.312898, 0.028203, 2.645526
95.453045, 0.028251, 2.649665
95.593192, 0.028299, 2.653804
95.733340, 0.028347, 2.657943
95.873487, 0.028395, 2.662082
96.013634, 0.028443, 2.666221
96.153782, 0.028491, 2.670360
96.293929, 0.028539, 2.674500
96.434076, 0.028587, 2.678639
96.574223, 0.028635, 2.682778
96.714371, 0.028683, 2.686917
96.854518, 0.028731, 2.691056
96.994665, 0.028779, 2.695196
97.134813, 0.028826, 2.699335
97.274960, 0.028874, 2.703474
97.415107, 0.028922, 2.707613
97.555254, 0.028970, 2.711753
97.695402, 0.029018, 2.715892
97.835549, 0.029066, 2.720031
97.975696, 0.029114, 2.724171
98.115844, 0.029162, 2.728310
98.255991, 0.029210, 2.732450
98.396138, 0.029258, 2.736589
98.536286, 0.029306, 2.740728
98.676433, 0.029354, 2.744868
98.816580, 0.029402, 2.749007
98.956727, 0.029450, 2.753147
99.096875, 0.029498, 2.757286
99.237022, 0.029545, 2.761426
99.377169, 0.029593, 2.765565
99.517317, 0.029641, 2.769705
99.657464, 0.029689, 2.773845
99.797611, 0.029737, 2.777984
99.937758, 0.029785, 2.782124
100.077906, 0.029833, 2.786263
100.218053, 0.029881, 2.790403
100.358200, 0.029929, 2.794543
100.498348, 0.029977, 2.798682
100.638495, 0.030025, 2.802822
100.778642, 0.030073, 2.806962
100.918789, 0.030121, 2.811102
101.058937, 0.030169, 2.815242
101.199084, 0.030217, 2.819381
101.339231, 0.030265, 2.823521
101.479379, 0.030313, 2.827661
101.619526, 0.030361, 2.831801
101.759673, 0.030408, 2.835941
101.899820, 0.030457, 2.840080
102.039968, 0.030504, 2.844220
102.180115, 0.030552, 2.848360
102.320262, 0.030600, 2.852500
102.460410, 0.030648, 2.856640
102.600557, 0.030696, 2.860780
102.740704, 0.030744, 2.864920
102.880851, 0.030792, 2.869060
103.020999, 0.030840, 2.873200
103.161146, 0.030888, 2.877340
103.301293, 0.030936, 2.881480
103.441441, 0.030984, 2.885620
103.581588, 0.031032, 2.889760
103.721735, 0.031080, 2.893900
103.861883, 0.031128, 2.898040
104.002030, 0.031176, 2.902180
104.142177, 0.031224, 2.906320
104.282324, 0.031272, 2.910460
104.422472, 0.031320, 2.914600
104.562619, 0.031368, 2.918741
104.702766, 0.031416, 2.922881
104.842914, 0.031464, 2.927021
104.983061, 0.031512, 2.931161
105.123208, 0.031560, 2.935302
105.263355, 0.031608, 2.939442
105.403503, 0.031656, 2.943582
105.543650, 0.031704, 2.947722
105.683797, 0.031752, 2.951862
105.823945, 0.031800, 2.956003
105.964092, 0.031848, 2.960143
106.104239, 0.031896, 2.964284
106.244386, 0.031944, 2.968424
106.384534, 0.031991, 2.972564
106.524681, 0.032039, 2.976704
106.664828, 0.032088, 2.980845
106.804976, 0.032135, 2.984985
106.945123, 0.032184, 2.989126
107.085270, 0.032232, 2.993266
107.225417, 0.032280, 2.997406
107.365565, 0.032328, 3.001547
107.505712, 0.032375, 3.005687
107.645859, 0.032424, 3.009828
107.786007, 0.032471, 3.013968
107.926154, 0.032519, 3.018109
108.066301, 0.032567, 3.022249
108.206449, 0.032615, 3.026390
108.346596, 0.032663, 3.030530
108.486743, 0.032711, 3.034671
108.626890, 0.032759, 3.038811
108.767038, 0.032807, 3.042952
108.907185, 0.032855, 3.047093
109.047332, 0.032903, 3.051233
109.187480, 0.032952, 3.055374
109.327627, 0.032999, 3.059514
109.467774, 0.033047, 3.063655
109.607921, 0.033095, 3.067796
109.748069, 0.033143, 3.071936
109.888216, 0.033191, 3.076077
110.028363, 0.033239, 3.080218
110.168511, 0.033287, 3.084359
110.308658, 0.033335, 3.088499
110.448805, 0.033383, 3.092640
110.588952, 0.033431, 3.096781
110.729100, 0.033479, 3.100922
110.869247, 0.033527, 3.105063
111.009394, 0.033575, 3.109203
111.149542, 0.033623, 3.113344
111.289689, 0.033672, 3.117485
111.429836, 0.033720, 3.121626
111.569983, 0.033767, 3.125766
111.710131, 0.033815, 3.129907
111.850278, 0.033863, 3.134048
111.990425, 0.033912, 3.138189
112.130573, 0.033960, 3.142330
112.270720, 0.034007, 3.146471
112.410867, 0.034056, 3.150612
112.551015, 0.034104, 3.154753
112.691162, 0.034152, 3.158894
112.831309, 0.034200, 3.163035
112.971456, 0.034248, 3.167175
113.111604, 0.034296, 3.171317
113.251751, 0.034344, 3.175457
113.391898, 0.034392, 3.179598
113.532046, 0.034440, 3.183739
113.672193, 0.034488, 3.187880
113.812340, 0.034536, 3.192021
113.952487, 0.034584, 3.196162
114.092635, 0.034632, 3.200303
114.232782, 0.034680, 3.204445
114.372929, 0.034728, 3.208585
114.513077, 0.034776, 3.212726
114.653224, 0.034824, 3.216868
114.793371, 0.034872, 3.221009
114.933518, 0.034920, 3.225150
115.073666, 0.034968, 3.229291
115.213813, 0.035016, 3.233432
115.353960, 0.035064, 3.237573
115.494108, 0.035112, 3.241714
115.634255, 0.035160, 3.245856
115.774402, 0.035208, 3.249996
115.914549, 0.035256, 3.254138
116.054697, 0.035304, 3.258279
116.194844, 0.035352, 3.262420
116.334991, 0.035400, 3.266561
116.475139, 0.035448, 3.270703
116.615286, 0.035496, 3.274844
116.755433, 0.035544, 3.278985
116.895580, 0.035592, 3.283127
117.035728, 0.035641, 3.287268
117.175875, 0.035689, 3.291409
117.316022, 0.035737, 3.295550
117.456170, 0.035785, 3.299692
117.596317, 0.035833, 3.303833
117.736464, 0.035881, 3.307974
117.876612, 0.035929, 3.312115
118.016759, 0.035977, 3.316257
118.156906, 0.036025, 3.320398
118.297053, 0.036073, 3.324539
118.437201, 0.036121, 3.328681
118.577348, 0.036169, 3.332822
118.717495, 0.036217, 3.336963
118.857643, 0.036265, 3.341105
118.997790, 0.036313, 3.345246
119.137937, 0.036361, 3.349388
119.278084, 0.036409, 3.353529
119.418232, 0.036457, 3.357671
119.558379, 0.036505, 3.361812
119.698526, 0.036553, 3.365954
119.838674, 0.036601, 3.370095
119.978821, 0.036649, 3.374237
120.118968, 0.036697, 3.378378
120.259115, 0.036746, 3.382519
120.399263, 0.036794, 3.386661
120.539410, 0.036842, 3.390803
120.679557, 0.036890, 3.394944
120.819705, 0.036938, 3.399086
120.959852, 0.036986, 3.403227
121.099999, 0.037034, 3.407369
121.240146, 0.037082, 3.411510
121.380294, 0.037130, 3.415652
121.520441, 0.037178, 3.419793
121.660588, 0.037226, 3.423935
121.800736, 0.037274, 3.428077
121.940883, 0.037322, 3.432218
122.081030, 0.037370, 3.436360
122.221178, 0.037418, 3.440501
122.361325, 0.037466, 3.444643
122.501472, 0.037514, 3.448785
122.641619, 0.037562, 3.452926
122.781767, 0.037610, 3.457068
122.921914, 0.037659, 3.461210
123.062061, 0.037707, 3.465351
123.202209, 0.037755, 3.469493
123.342356, 0.037803, 3.473635
123.482503, 0.037851, 3.477776
123.622650, 0.037899, 3.481918
123.762798, 0.037947, 3.486060
123.902945, 0.037995, 3.490201
124.043092, 0.038043, 3.494343
124.183240, 0.038091, 3.498485
124.323387, 0.038139, 3.502627
124.463534, 0.038187, 3.506768
124.603681, 0.038235, 3.510911
124.743829, 0.038283, 3.515052
124.883976, 0.038331, 3.519194
125.024123, 0.038379, 3.523335
125.164271, 0.038427, 3.527477
125.304418, 0.038476, 3.531619
125.444565, 0.038524, 3.535761
125.584712, 0.038572, 3.539903
125.724860, 0.038620, 3.544045
125.865007, 0.038668, 3.548186
126.005154, 0.038716, 3.552328
126.145302, 0.038764, 3.556470
126.285449, 0.038812, 3.560612
126.425596, 0.038860, 3.564754
126.565744, 0.038908, 3.568896
126.705891, 0.038956, 3.573038
126.846038, 0.039004, 3.577179
126.986185, 0.039052, 3.581321
127.126333, 0.039101, 3.585463
127.266480, 0.039149, 3.589606
127.406627, 0.039197, 3.593747
127.546775, 0.039245, 3.597889
127.686922, 0.039293, 3.602031
127.827069, 0.039341, 3.606173
127.967216, 0.039389, 3.610315
128.107364, 0.039437, 3.614457
128.247511, 0.039485, 3.618599
128.387658, 0.039533, 3.622741
128.527806, 0.039581, 3.626883
128.667953, 0.039629, 3.631025
128.808100, 0.039678, 3.635166
128.948247, 0.039726, 3.639309
129.088395, 0.039774, 3.643450
129.228542, 0.039822, 3.647593
129.368689, 0.039870, 3.651735
129.508837, 0.039918, 3.655877
129.648984, 0.039966, 3.660019
129.789131, 0.040014, 3.664161
129.929278, 0.040062, 3.668303
130.069426, 0.040110, 3.672445
130.209573, 0.040158, 3.676587
130.349720, 0.040206, 3.680729
130.489868, 0.040254, 3.684872
130.630015, 0.040303, 3.689013
130.770162, 0.040351, 3.693156
130.910309, 0.040399, 3.697297
131.050457, 0.040447, 3.701440
131.190604, 0.040495, 3.705582
131.330751, 0.040543, 3.709724
131.470899, 0.040591, 3.713866
131.611046, 0.040639, 3.718008
131.751193, 0.040687, 3.722151
131.891341, 0.040735, 3.726293
132.031488, 0.040783, 3.730435
132.171635, 0.040832, 3.734576
132.311782, 0.040880, 3.738720
132.451930, 0.040928, 3.742861
132.592077, 0.040976, 3.747004
132.732224, 0.041024, 3.751146
132.872372, 0.041072, 3.755287
133.012519, 0.041120, 3.759430
133.152666, 0.041168, 3.763572
133.292813, 0.041216, 3.767715
133.432961, 0.041264, 3.771857
133.573108, 0.041313, 3.775999
133.713255, 0.041361, 3.780141
133.853403, 0.041409, 3.784283
133.993550, 0.041457, 3.788426
134.133697, 0.041505, 3.792568
134.273844, 0.041553, 3.796711
134.413992, 0.041601, 3.800852
134.554139, 0.041649, 3.804995
134.694286, 0.041697, 3.809137
134.834434, 0.041745, 3.813279
134.974581, 0.041793, 3.817422
135.114728, 0.041842, 3.821564
135.254875, 0.041890, 3.825707
135.395023, 0.041938, 3.829849
135.535170, 0.041986, 3.833991
135.675317, 0.042034, 3.838133
135.815465, 0.042082, 3.842275
135.955612, 0.042130, 3.846418
136.095759, 0.042178, 3.850560
136.235907, 0.042226, 3.854703
136.376054, 0.042274, 3.858846
136.516201, 0.042323, 3.862987
136.656348, 0.042371, 3.867130
136.796496, 0.042419, 3.871272
136.936643, 0.042467, 3.875415
137.076790, 0.042515, 3.879557
137.216938, 0.042563, 3.883699
137.357085, 0.042611, 3.887841
137.497232, 0.042659, 3.891985
137.637379, 0.042707, 3.896126
137.777527, 0.042756, 3.900269
137.917674, 0.042803, 3.904412
138.057821, 0.042852, 3.908554
138.197969, 0.042900, 3.912696
138.338116, 0.042948, 3.916840
138.478263, 0.042996, 3.920981
138.618410, 0.043044, 3.925123
138.758558, 0.043092, 3.929266
138.898705, 0.043140, 3.933409
139.038852, 0.043188, 3.937552
139.179000, 0.043237, 3.941694
139.319147, 0.043285, 3.945836
139.459294, 0.043333, 3.949979
139.599441, 0.043381, 3.954121
139.739589, 0.043429, 3.958264
139.879736, 0.043477, 3.962405
140.019883, 0.043525, 3.966549
140.160031, 0.043573, 3.970690
140.300178, 0.043621, 3.974833
140.440325, 0.043670, 3.978976
140.580472, 0.043718, 3.983118
140.720620, 0.043766, 3.987261
140.860767, 0.043814, 3.991404
141.000914, 0.043862, 3.995546
141.141062, 0.043910, 3.999689
141.281209, 0.043958, 4.003832
141.421356, 0.044006, 4.007974
